,co_fips,co_name,state,inflow2011_12,outflow2011_12,cbsa_code,cbsa_name,net_flow2011_12,inflow2012_13,outflow2012_13,net_flow2012_13,inflow2013_14,outflow2013_14,net_flow2013_14,inflow2014_15,outflow2014_15,net_flow2014_15,in_rank2011_12,ou_rank2011_12,in_rank2012_13,ou_rank2012_13,in_rank2013_14,ou_rank2013_14,in_rank2014_15,ou_rank2014_15,tot_inflow,tot_outflow,tot_net_flow,net_change12_13,net_change13_14,net_change14_15
0,36059,Nassau County,NY,13995,22803,35620,"New York-Newark-Jersey City, NY-NJ-PA",-8808,14458,24494,-10036,13877,25204,-11327,11900,20316,-8416,1.0,1.0,1.0,1.0,2.0,2.0,2.0,2.0,54230,92817,-38587,-1228,-1291,2911
1,59000,Other flows - Different State,DS,13850,16808,,,-2958,14062,17381,-3319,21728,25405,-3677,19743,23807,-4064,2.0,3.0,2.0,3.0,1.0,1.0,1.0,1.0,69383,83401,-14018,-361,-358,-387
2,36119,Westchester County,NY,11588,16967,35620,"New York-Newark-Jersey City, NY-NJ-PA",-5379,10806,18414,-7608,10438,17173,-6735,9048,13986,-4938,3.0,2.0,3.0,2.0,3.0,3.0,3.0,3.0,41880,66540,-24660,-2229,873,1797
3,36103,Suffolk County,NY,8838,9785,35620,"New York-Newark-Jersey City, NY-NJ-PA",-947,7493,9636,-2143,7056,9271,-2215,5837,8171,-2334,4.0,4.0,4.0,4.0,4.0,4.0,4.0,4.0,29224,36863,-7639,-1196,-72,-119
4,34017,Hudson County,NJ,6308,8761,35620,"New York-Newark-Jersey City, NY-NJ-PA",-2453,6270,9141,-2871,5729,8818,-3089,4709,7273,-2564,5.0,5.0,5.0,5.0,5.0,5.0,5.0,5.0,23016,33993,-10977,-418,-218,525
5,34003,Bergen County,NJ,5393,7687,35620,"New York-Newark-Jersey City, NY-NJ-PA",-2294,4436,7977,-3541,4315,7124,-2809,3860,5816,-1956,6.0,6.0,6.0,6.0,6.0,6.0,6.0,7.0,18004,28604,-10600,-1247,732,853
6,06037,Los Angeles County,CA,4297,5821,31080,"Los Angeles-Long Beach-Anaheim, CA",-1524,4265,7374,-3109,4231,6395,-2164,3465,5365,-1900,7.0,8.0,7.0,7.0,7.0,7.0,7.0,8.0,16258,24955,-8697,-1585,945,264
7,12086,Miami-Dade County,FL,3755,4381,33100,"Miami-Fort Lauderdale-West Palm Beach, FL",-626,3862,3771,91,2571,3483,-912,2062,3033,-971,8.0,12.0,8.0,13.0,11.0,14.0,13.0,13.0,12250,14668,-2418,717,-1003,-59
8,34013,Essex County,NJ,3536,5180,35620,"New York-Newark-Jersey City, NY-NJ-PA",-1644,3114,5536,-2422,2996,5819,-2823,2861,4791,-1930,9.0,10.0,10.0,10.0,9.0,9.0,11.0,9.0,12507,21326,-8819,-778,-401,893
9,09001,Fairfield County,CT,3412,5422,14860,"Bridgeport-Stamford-Norwalk, CT",-2010,3473,5834,-2361,3546,5566,-2020,2966,4283,-1317,10.0,9.0,9.0,9.0,8.0,10.0,9.0,10.0,13397,21105,-7708,-351,341,703
10,34023,Middlesex County,NJ,3297,4411,35620,"New York-Newark-Jersey City, NY-NJ-PA",-1114,2435,4257,-1822,2413,4229,-1816,2080,3086,-1006,11.0,11.0,15.0,12.0,14.0,12.0,12.0,12.0,10225,15983,-5758,-708,6,810
12,42101,Philadelphia County,PA,2937,3813,37980,"Philadelphia-Camden-Wilmington, PA-NJ-DE-MD",-876,2747,3289,-542,2441,3071,-630,1954,2748,-794,13.0,14.0,13.0,15.0,13.0,16.0,15.0,16.0,10079,12921,-2842,334,-88,-164
14,17031,Cook County,IL,2704,2937,16980,"Chicago-Naperville-Elgin, IL-IN-WI",-233,2734,3071,-337,2454,2558,-104,1987,1940,47,15.0,16.0,14.0,17.0,12.0,22.0,14.0,22.0,9879,10506,-627,-104,233,151
15,12011,Broward County,FL,2667,3941,33100,"Miami-Fort Lauderdale-West Palm Beach, FL",-1274,2852,3627,-775,2222,3525,-1303,1833,2938,-1105,16.0,13.0,12.0,14.0,15.0,13.0,16.0,14.0,9574,14031,-4457,499,-528,198
16,12095,Orange County,FL,1917,2768,36740,"Orlando-Kissimmee-Sanford, FL",-851,1658,2846,-1188,1482,2770,-1288,1109,2153,-1044,17.0,18.0,24.0,20.0,24.0,18.0,28.0,20.0,6166,10537,-4371,-337,-100,244
17,11001,District of Columbia,DC,1902,1534,47900,"Washington-Arlington-Alexandria, DC-VA-MD-WV",368,1954,1500,454,1771,1543,228,1382,1139,243,18.0,31.0,17.0,32.0,16.0,33.0,20.0,36.0,7009,5716,1293,86,-226,15
18,12099,Palm Beach County,FL,1832,2682,33100,"Miami-Fort Lauderdale-West Palm Beach, FL",-850,1721,2661,-940,1471,2649,-1178,1116,2376,-1260,19.0,20.0,21.0,22.0,26.0,21.0,27.0,18.0,6140,10368,-4228,-90,-238,-82
19,25017,Middlesex County,MA,1824,1723,14460,"Boston-Cambridge-Newton, MA-NH",101,1877,1826,51,1716,1595,121,1381,1219,162,20.0,28.0,18.0,27.0,17.0,30.0,21.0,34.0,6798,6363,435,-50,70,41
20,36087,Rockland County,NY,1738,2608,35620,"New York-Newark-Jersey City, NY-NJ-PA",-870,1662,2795,-1133,1580,2762,-1182,1383,2443,-1060,21.0,21.0,23.0,21.0,21.0,19.0,19.0,17.0,6363,10608,-4245,-263,-49,122
21,36071,Orange County,NY,1707,2849,35620,"New York-Newark-Jersey City, NY-NJ-PA",-1142,1686,3267,-1581,1572,3255,-1683,1402,2836,-1434,22.0,17.0,22.0,16.0,22.0,15.0,18.0,15.0,6367,12207,-5840,-439,-102,249
22,09009,New Haven County,CT,1697,2268,35300,"New Haven-Milford, CT",-571,1517,2027,-510,1349,1950,-601,1211,1699,-488,23.0,22.0,26.0,25.0,27.0,25.0,25.0,25.0,5774,7944,-2170,61,-91,113
23,34025,Monmouth County,NJ,1696,2691,35620,"New York-Newark-Jersey City, NY-NJ-PA",-995,1809,3036,-1227,1706,2833,-1127,1516,2029,-513,24.0,19.0,19.0,18.0,18.0,17.0,17.0,21.0,6727,10589,-3862,-232,100,614
24,25025,Suffolk County,MA,1668,1447,14460,"Boston-Cambridge-Newton, MA-NH",221,1756,1482,274,1636,1416,220,1126,1237,-111,25.0,34.0,20.0,34.0,20.0,34.0,26.0,33.0,6186,5582,604,53,-54,-331
25,34039,Union County,NJ,1634,2849,35620,"New York-Newark-Jersey City, NY-NJ-PA",-1215,1645,2857,-1212,1481,2729,-1248,1355,2282,-927,26.0,17.0,25.0,19.0,25.0,20.0,22.0,19.0,6115,10717,-4602,3,-36,321
26,34031,Passaic County,NJ,1609,2000,35620,"New York-Newark-Jersey City, NY-NJ-PA",-391,1268,1844,-576,1174,1860,-686,1053,1608,-555,27.0,24.0,27.0,26.0,29.0,26.0,29.0,26.0,5104,7312,-2208,-185,-110,131
27,06075,San Francisco County,CA,1592,2165,41860,"San Francisco-Oakland-Hayward, CA",-573,1658,2175,-517,1663,2548,-885,1334,1829,-495,28.0,23.0,24.0,24.0,19.0,23.0,23.0,24.0,6247,8717,-2470,56,-368,390
28,12057,Hillsborough County,FL,1372,1765,45300,"Tampa-St. Petersburg-Clearwater, FL",-393,1114,1539,-425,816,1545,-729,750,1409,-659,29.0,27.0,29.0,29.0,41.0,32.0,38.0,28.0,4052,6258,-2206,-32,-304,70
29,42077,Lehigh County,PA,1346,1848,10900,"Allentown-Bethlehem-Easton, PA-NJ",-502,1068,1466,-398,656,1306,-650,592,1244,-652,30.0,26.0,31.0,35.0,49.0,38.0,49.0,32.0,3662,5864,-2202,104,-252,-2
30,48201,Harris County,TX,1207,1897,26420,"Houston-The Woodlands-Sugar Land, TX",-690,1187,2341,-1154,1040,2288,-1248,917,1920,-1003,31.0,25.0,28.0,23.0,30.0,24.0,33.0,23.0,4351,8446,-4095,-464,-94,245
31,13121,Fulton County,GA,1169,1257,12060,"Atlanta-Sandy Springs-Roswell, GA",-88,1099,1410,-311,1000,1306,-306,755,982,-227,32.0,38.0,30.0,36.0,31.0,38.0,37.0,41.0,4023,4955,-932,-223,5,79
32,09003,Hartford County,CT,1107,1294,25540,"Hartford-West Hartford-East Hartford, CT",-187,975,1256,-281,910,1208,-298,780,980,-200,33.0,36.0,35.0,40.0,37.0,42.0,35.0,42.0,3772,4738,-966,-94,-17,98
33,24031,Montgomery County,MD,1092,1211,47900,"Washington-Arlington-Alexandria, DC-VA-MD-WV",-119,1019,1318,-299,949,1370,-421,924,1027,-103,34.0,41.0,33.0,38.0,33.0,35.0,31.0,37.0,3984,4926,-942,-180,-122,318
34,06073,San Diego County,CA,1073,1193,41740,"San Diego-Carlsbad, CA",-120,1028,1232,-204,932,1223,-291,715,993,-278,35.0,42.0,32.0,43.0,34.0,41.0,42.0,40.0,3748,4641,-893,-84,-87,13
35,36027,Dutchess County,NY,1038,1533,35620,"New York-Newark-Jersey City, NY-NJ-PA",-495,951,1751,-800,923,1603,-680,840,1347,-507,36.0,32.0,37.0,28.0,36.0,29.0,34.0,29.0,3752,6234,-2482,-305,120,173
36,37119,Mecklenburg County,NC,999,1621,16740,"Charlotte-Concord-Gastonia, NC-SC",-622,906,1520,-614,827,1631,-804,710,1269,-559,37.0,30.0,39.0,30.0,40.0,28.0,44.0,31.0,3442,6041,-2599,8,-190,245
37,42089,Monroe County,PA,959,1425,20700,"East Stroudsburg, PA",-466,875,1488,-613,898,1741,-843,727,1466,-739,38.0,35.0,40.0,33.0,38.0,27.0,40.0,27.0,3459,6120,-2661,-147,-230,104
38,53033,King County,WA,941,1227,42660,"Seattle-Tacoma-Bellevue, WA",-286,1018,1343,-325,995,1366,-371,763,1018,-255,39.0,40.0,34.0,37.0,32.0,36.0,36.0,39.0,3717,4954,-1237,-39,-46,116
39,34027,Morris County,NJ,928,1093,35620,"New York-Newark-Jersey City, NY-NJ-PA",-165,924,1261,-337,929,1249,-320,920,883,37,40.0,46.0,38.0,39.0,35.0,39.0,32.0,44.0,3701,4486,-785,-172,17,357
40,44007,Providence County,RI,874,924,39300,"Providence-Warwick, RI-MA",-50,684,934,-250,610,843,-233,507,735,-228,41.0,54.0,52.0,55.0,55.0,61.0,57.0,55.0,2675,3436,-761,-200,17,5
41,13089,DeKalb County,GA,852,931,12060,"Atlanta-Sandy Springs-Roswell, GA",-79,786,994,-208,659,1016,-357,460,810,-350,42.0,53.0,45.0,52.0,48.0,49.0,61.0,49.0,2757,3751,-994,-129,-149,7
42,48113,Dallas County,TX,843,1278,19100,"Dallas-Fort Worth-Arlington, TX",-435,861,1164,-303,719,1071,-352,532,812,-280,43.0,37.0,41.0,45.0,44.0,46.0,53.0,48.0,2955,4325,-1370,132,-49,72
43,06059,Orange County,CA,835,756,31080,"Los Angeles-Long Beach-Anaheim, CA",79,811,944,-133,691,848,-157,631,631,0,44.0,65.0,42.0,54.0,47.0,60.0,47.0,64.0,2968,3179,-211,-212,-24,157
44,04013,Maricopa County,AZ,830,1006,38060,"Phoenix-Mesa-Scottsdale, AZ",-176,805,1034,-229,789,997,-208,524,900,-376,45.0,48.0,43.0,50.0,43.0,50.0,55.0,43.0,2948,3937,-989,-53,21,-168
45,34021,Mercer County,NJ,815,968,45940,"Trenton, NJ",-153,797,863,-66,813,885,-72,698,710,-12,46.0,49.0,44.0,62.0,42.0,57.0,45.0,56.0,3123,3426,-303,87,-6,60
46,13135,Gwinnett County,GA,800,1186,12060,"Atlanta-Sandy Springs-Roswell, GA",-386,783,1170,-387,607,1164,-557,372,1020,-648,47.0,43.0,46.0,44.0,56.0,43.0,72.0,38.0,2562,4540,-1978,-1,-170,-91
47,58000,Other flows - Same State,SS,785,895,,,-110,746,906,-160,1345,1577,-232,1303,1310,-7,48.0,55.0,47.0,59.0,28.0,31.0,24.0,30.0,4179,4688,-509,-50,-72,225
48,51059,Fairfax County,VA,772,811,47900,"Washington-Arlington-Alexandria, DC-VA-MD-WV",-39,811,919,-108,844,891,-47,716,684,32,49.0,62.0,42.0,58.0,39.0,55.0,41.0,59.0,3143,3305,-162,-69,61,79
49,34029,Ocean County,NJ,769,1450,35620,"New York-Newark-Jersey City, NY-NJ-PA",-681,739,1514,-775,626,1362,-736,580,1163,-583,50.0,33.0,48.0,31.0,53.0,37.0,50.0,35.0,2714,5489,-2775,-94,39,153
50,36001,Albany County,NY,731,957,10580,"Albany-Schenectady-Troy, NY",-226,711,1069,-358,629,909,-280,608,826,-218,51.0,51.0,49.0,47.0,52.0,54.0,48.0,47.0,2679,3761,-1082,-132,78,62
51,06001,Alameda County,CA,715,960,41860,"San Francisco-Oakland-Hayward, CA",-245,687,1089,-402,699,1142,-443,547,878,-331,52.0,50.0,51.0,46.0,46.0,44.0,52.0,45.0,2648,4069,-1421,-157,-41,112
52,24510,Baltimore city,MD,695,710,12580,"Baltimore-Columbia-Towson, MD",-15,584,766,-182,624,1032,-408,711,582,129,53.0,70.0,62.0,68.0,54.0,47.0,43.0,68.0,2614,3090,-476,-167,-226,537
53,10003,New Castle County,DE,673,723,37980,"Philadelphia-Camden-Wilmington, PA-NJ-DE-MD",-50,442,693,-251,427,587,-160,360,601,-241,54.0,69.0,76.0,73.0,75.0,76.0,76.0,65.0,1902,2604,-702,-201,91,-81
54,34035,Somerset County,NJ,671,837,35620,"New York-Newark-Jersey City, NY-NJ-PA",-166,677,898,-221,710,721,-11,683,634,49,55.0,59.0,54.0,60.0,45.0,66.0,46.0,63.0,2741,3090,-349,-55,210,60
55,25009,Essex County,MA,662,868,14460,"Boston-Cambridge-Newton, MA-NH",-206,603,769,-166,446,679,-233,465,585,-120,56.0,56.0,58.0,67.0,73.0,68.0,60.0,67.0,2176,2901,-725,40,-67,113
56,36111,Ulster County,NY,656,831,28740,"Kingston, NY",-175,556,826,-270,501,833,-332,413,749,-336,57.0,60.0,65.0,63.0,66.0,62.0,67.0,54.0,2126,3239,-1113,-95,-62,-4
57,25021,Norfolk County,MA,651,725,14460,"Boston-Cambridge-Newton, MA-NH",-74,700,772,-72,540,609,-69,518,640,-122,58.0,68.0,50.0,66.0,61.0,75.0,56.0,61.0,2409,2746,-337,2,3,-53
58,06085,Santa Clara County,CA,643,860,41940,"San Jose-Sunnyvale-Santa Clara, CA",-217,676,897,-221,640,1018,-378,940,696,244,59.0,57.0,55.0,61.0,51.0,48.0,30.0,58.0,2899,3471,-572,-4,-157,622
59,36029,Erie County,NY,630,937,15380,"Buffalo-Cheektowaga-Niagara Falls, NY",-307,682,1019,-337,648,991,-343,569,827,-258,60.0,52.0,53.0,51.0,50.0,51.0,51.0,46.0,2529,3774,-1245,-30,-6,85
60,32003,Clark County,NV,624,1007,29820,"Las Vegas-Henderson-Paradise, NV",-383,645,967,-322,499,851,-352,364,767,-403,61.0,47.0,56.0,53.0,67.0,58.0,75.0,53.0,2132,3592,-1460,61,-30,-51
61,39049,Franklin County,OH,624,652,18140,"Columbus, OH",-28,589,798,-209,512,737,-225,428,631,-203,61.0,75.0,61.0,65.0,63.0,65.0,64.0,64.0,2153,2818,-665,-181,-16,22
62,36055,Monroe County,NY,608,741,40380,"Rochester, NY",-133,524,762,-238,580,633,-53,459,474,-15,62.0,66.0,68.0,69.0,58.0,72.0,62.0,75.0,2171,2610,-439,-105,185,38
64,12097,Osceola County,FL,601,1183,36740,"Orlando-Kissimmee-Sanford, FL",-582,638,1242,-604,503,1232,-729,417,1027,-610,63.0,44.0,57.0,41.0,65.0,40.0,66.0,37.0,2159,4684,-2525,-22,-125,119
65,37183,Wake County,NC,594,1127,39580,"Raleigh, NC",-533,602,1055,-453,553,1077,-524,495,791,-296,64.0,45.0,59.0,49.0,59.0,45.0,58.0,51.0,2244,4050,-1806,80,-71,228
66,42091,Montgomery County,PA,588,631,37980,"Philadelphia-Camden-Wilmington, PA-NJ-DE-MD",-43,530,627,-97,589,665,-76,487,407,80,65.0,77.0,67.0,79.0,57.0,69.0,59.0,85.0,2194,2330,-136,-54,21,156
67,42003,Allegheny County,PA,552,672,38300,"Pittsburgh, PA",-120,558,723,-165,488,579,-91,456,431,25,66.0,72.0,64.0,71.0,68.0,77.0,63.0,81.0,2054,2405,-351,-45,74,116
68,42079,Luzerne County,PA,545,1229,42540,"Scranton--Wilkes-Barre--Hazleton, PA",-684,590,1067,-477,465,967,-502,391,883,-492,67.0,39.0,60.0,48.0,70.0,53.0,70.0,44.0,1991,4146,-2155,207,-25,10
69,34007,Camden County,NJ,544,733,37980,"Philadelphia-Camden-Wilmington, PA-NJ-DE-MD",-189,498,597,-99,403,436,-33,379,461,-82,68.0,67.0,71.0,81.0,78.0,96.0,71.0,78.0,1824,2227,-403,90,66,-49
70,42011,Berks County,PA,522,850,39740,"Reading, PA",-328,492,931,-439,411,751,-340,398,657,-259,69.0,58.0,72.0,57.0,77.0,64.0,69.0,60.0,1823,3189,-1366,-111,99,81
71,27053,Hennepin County,MN,518,566,33460,"Minneapolis-St. Paul-Bloomington, MN-WI",-48,516,458,58,455,490,-35,352,368,-16,70.0,84.0,69.0,98.0,72.0,87.0,78.0,91.0,1841,1882,-41,106,-93,19
72,24033,Prince George's County,MD,516,678,47900,"Washington-Arlington-Alexandria, DC-VA-MD-WV",-162,540,716,-176,546,974,-428,728,770,-42,71.0,71.0,66.0,72.0,60.0,52.0,39.0,52.0,2330,3138,-808,-14,-252,386
73,48453,Travis County,TX,510,1702,12420,"Austin-Round Rock, TX",-1192,972,4452,-3480,1560,4267,-2707,3067,3308,-241,72.0,29.0,36.0,11.0,23.0,11.0,8.0,11.0,6109,13729,-7620,-2288,773,2466
74,12103,Pinellas County,FL,502,669,45300,"Tampa-St. Petersburg-Clearwater, FL",-167,401,692,-291,340,656,-316,256,587,-331,73.0,73.0,83.0,74.0,85.0,70.0,93.0,66.0,1499,2604,-1105,-124,-25,-15
75,24005,Baltimore County,MD,494,768,12580,"Baltimore-Columbia-Towson, MD",-274,503,676,-173,474,887,-413,526,637,-111,74.0,64.0,70.0,75.0,69.0,56.0,54.0,62.0,1997,2968,-971,101,-240,302
76,13067,Cobb County,GA,480,553,12060,"Atlanta-Sandy Springs-Roswell, GA",-73,433,650,-217,310,708,-398,262,467,-205,75.0,86.0,77.0,78.0,87.0,67.0,92.0,77.0,1485,2378,-893,-144,-181,193
77,36079,Putnam County,NY,474,823,35620,"New York-Newark-Jersey City, NY-NJ-PA",-349,391,933,-542,499,849,-350,370,705,-335,76.0,61.0,86.0,56.0,67.0,59.0,73.0,57.0,1734,3310,-1576,-193,192,15
78,36067,Onondaga County,NY,473,496,45060,"Syracuse, NY",-23,430,517,-87,432,466,-34,408,431,-23,77.0,91.0,78.0,88.0,74.0,89.0,68.0,81.0,1743,1910,-167,-64,53,11
79,12031,Duval County,FL,465,493,27260,"Jacksonville, FL",-28,413,563,-150,311,539,-228,281,486,-205,78.0,93.0,80.0,82.0,86.0,82.0,88.0,74.0,1470,2081,-611,-122,-78,23
80,12071,Lee County,FL,456,584,15980,"Cape Coral-Fort Myers, FL",-128,312,663,-351,234,638,-404,220,514,-294,79.0,81.0,97.0,77.0,106.0,71.0,101.0,71.0,1222,2399,-1177,-223,-53,110
81,34005,Burlington County,NJ,453,556,37980,"Philadelphia-Camden-Wilmington, PA-NJ-DE-MD",-103,407,504,-97,345,439,-94,353,356,-3,80.0,85.0,82.0,92.0,84.0,94.0,77.0,92.0,1558,1855,-297,6,3,91
82,36105,Sullivan County,NY,453,635,,non-metro,-182,419,802,-383,522,541,-19,334,474,-140,80.0,76.0,79.0,64.0,62.0,81.0,81.0,75.0,1728,2452,-724,-201,364,-121
83,39035,Cuyahoga County,OH,447,604,17460,"Cleveland-Elyria, OH",-157,462,547,-85,364,524,-160,338,426,-88,81.0,79.0,74.0,84.0,80.0,83.0,80.0,83.0,1611,2101,-490,72,-75,72
84,12021,Collier County,FL,445,321,34940,"Naples-Immokalee-Marco Island, FL",124,202,381,-179,65,296,-231,97,214,-117,82.0,122.0,128.0,112.0,181.0,122.0,143.0,124.0,809,1212,-403,-303,-52,114
85,09011,New London County,CT,407,417,35980,"Norwich-New London, CT",-10,412,385,27,308,366,-58,319,342,-23,83.0,105.0,81.0,110.0,88.0,105.0,84.0,94.0,1446,1510,-64,37,-85,35
86,26163,Wayne County,MI,406,785,19820,"Detroit-Warren-Dearborn, MI",-379,457,509,-52,273,492,-219,368,461,-93,84.0,63.0,75.0,91.0,93.0,86.0,74.0,78.0,1504,2247,-743,327,-167,126
87,51013,Arlington County,VA,393,422,47900,"Washington-Arlington-Alexandria, DC-VA-MD-WV",-29,476,384,92,462,357,105,318,299,19,85.0,103.0,73.0,111.0,71.0,107.0,85.0,104.0,1649,1462,187,121,13,-86
88,26125,Oakland County,MI,389,350,19820,"Detroit-Warren-Dearborn, MI",39,370,443,-73,353,307,46,278,258,20,86.0,117.0,87.0,101.0,82.0,118.0,89.0,113.0,1390,1358,32,-112,119,-26
89,42017,Bucks County,PA,388,548,37980,"Philadelphia-Camden-Wilmington, PA-NJ-DE-MD",-160,392,477,-85,359,457,-98,340,339,1,87.0,87.0,85.0,96.0,81.0,91.0,79.0,95.0,1479,1821,-342,75,-13,99
90,41051,Multnomah County,OR,386,450,38900,"Portland-Vancouver-Hillsboro, OR-WA",-64,329,548,-219,307,562,-255,248,431,-183,88.0,98.0,94.0,83.0,89.0,78.0,95.0,81.0,1270,1991,-721,-155,-36,72
91,42095,Northampton County,PA,385,666,10900,"Allentown-Bethlehem-Easton, PA-NJ",-281,357,736,-379,229,751,-522,267,539,-272,89.0,74.0,88.0,70.0,108.0,64.0,90.0,70.0,1238,2692,-1454,-98,-143,250
92,12105,Polk County,FL,385,572,29460,"Lakeland-Winter Haven, FL",-187,347,520,-173,197,623,-426,229,491,-262,89.0,83.0,89.0,87.0,115.0,73.0,98.0,73.0,1158,2206,-1048,14,-253,164
93,34001,Atlantic County,NJ,380,507,12100,"Atlantic City-Hammonton, NJ",-127,299,380,-81,375,289,86,332,215,117,90.0,90.0,101.0,113.0,79.0,124.0,82.0,123.0,1386,1391,-5,46,167,31
94,15003,Honolulu County,HI,365,397,46520,"Urban Honolulu, HI",-32,330,408,-78,247,380,-133,263,314,-51,91.0,110.0,93.0,107.0,100.0,104.0,91.0,102.0,1205,1499,-294,-46,-55,82
95,25027,Worcester County,MA,364,485,49340,"Worcester, MA-CT",-121,393,500,-107,349,455,-106,338,405,-67,92.0,94.0,84.0,93.0,83.0,92.0,80.0,86.0,1444,1845,-401,14,1,39
96,42045,Delaware County,PA,363,509,37980,"Philadelphia-Camden-Wilmington, PA-NJ-DE-MD",-146,357,533,-176,284,465,-181,326,325,1,93.0,89.0,88.0,85.0,91.0,90.0,83.0,98.0,1330,1832,-502,-30,-5,182
97,51810,Virginia Beach city,VA,362,426,47260,"Virginia Beach-Norfolk-Newport News, VA-NC",-64,307,511,-204,266,424,-158,256,325,-69,94.0,102.0,98.0,90.0,95.0,97.0,93.0,98.0,1191,1686,-495,-140,46,89
98,25013,Hampden County,MA,341,444,44140,"Springfield, MA",-103,268,413,-145,244,385,-141,187,305,-118,95.0,100.0,108.0,105.0,102.0,102.0,109.0,103.0,1040,1547,-507,-42,4,23
99,37063,Durham County,NC,334,407,20500,"Durham-Chapel Hill, NC",-73,331,377,-46,258,364,-106,222,318,-96,96.0,108.0,92.0,114.0,98.0,106.0,100.0,101.0,1145,1466,-321,27,-60,10
100,12117,Seminole County,FL,321,621,36740,"Orlando-Kissimmee-Sanford, FL",-300,331,664,-333,200,520,-320,248,503,-255,97.0,78.0,92.0,76.0,114.0,84.0,95.0,72.0,1100,2308,-1208,-33,13,65
101,06081,San Mateo County,CA,318,382,41860,"San Francisco-Oakland-Hayward, CA",-64,289,500,-211,304,494,-190,252,392,-140,98.0,112.0,103.0,93.0,90.0,85.0,94.0,89.0,1163,1768,-605,-147,21,50
102,36007,Broome County,NY,310,453,13780,"Binghamton, NY",-143,283,607,-324,282,612,-330,287,428,-141,99.0,97.0,105.0,80.0,92.0,74.0,87.0,82.0,1162,2100,-938,-181,-6,189
103,08031,Denver County,CO,306,494,19740,"Denver-Aurora-Lakewood, CO",-188,305,465,-160,272,545,-273,212,471,-259,100.0,92.0,99.0,97.0,94.0,80.0,104.0,76.0,1095,1975,-880,28,-113,14
104,36109,Tompkins County,NY,304,237,27060,"Ithaca, NY",67,295,266,29,264,222,42,218,159,59,101.0,142.0,102.0,144.0,96.0,142.0,102.0,138.0,1081,884,197,-38,13,17
105,48439,Tarrant County,TX,283,532,19100,"Dallas-Fort Worth-Arlington, TX",-249,313,528,-215,242,478,-236,230,448,-218,102.0,88.0,96.0,86.0,103.0,88.0,97.0,79.0,1068,1986,-918,34,-21,18
106,26161,Washtenaw County,MI,280,235,11460,"Ann Arbor, MI",45,227,243,-16,232,178,54,146,122,24,103.0,143.0,121.0,150.0,107.0,153.0,122.0,150.0,885,778,107,-61,70,-30
107,42071,Lancaster County,PA,278,459,29540,"Lancaster, PA",-181,231,386,-155,185,312,-127,187,261,-74,104.0,96.0,119.0,109.0,121.0,116.0,109.0,111.0,881,1418,-537,26,28,53
108,06013,Contra Costa County,CA,275,318,41860,"San Francisco-Oakland-Hayward, CA",-43,244,354,-110,247,344,-97,213,288,-75,105.0,125.0,112.0,118.0,100.0,110.0,103.0,106.0,979,1304,-325,-67,13,22
109,47037,Davidson County,TN,264,375,34980,"Nashville-Davidson--Murfreesboro--Franklin, TN",-111,338,406,-68,246,411,-165,183,400,-217,106.0,114.0,91.0,108.0,101.0,99.0,110.0,87.0,1031,1592,-561,43,-97,-52
110,39061,Hamilton County,OH,258,275,17140,"Cincinnati, OH-KY-IN",-17,304,302,2,212,328,-116,148,157,-9,107.0,135.0,100.0,129.0,111.0,114.0,121.0,139.0,922,1062,-140,19,-118,107
111,51710,Norfolk city,VA,258,301,47260,"Virginia Beach-Norfolk-Newport News, VA-NC",-43,226,272,-46,153,302,-149,114,259,-145,107.0,130.0,122.0,139.0,138.0,120.0,135.0,112.0,751,1134,-383,-3,-103,4
112,12127,Volusia County,FL,254,406,19660,"Deltona-Daytona Beach-Ormond Beach, FL",-152,281,514,-233,239,437,-198,194,410,-216,108.0,109.0,106.0,89.0,105.0,95.0,107.0,84.0,968,1767,-799,-81,35,-18
113,29189,St. Louis County,MO,251,219,41180,"St. Louis, MO-IL",32,270,260,10,193,244,-51,160,129,31,109.0,147.0,107.0,145.0,117.0,134.0,117.0,148.0,874,852,22,-22,-61,82
114,18097,Marion County,IN,243,448,26900,"Indianapolis-Carmel-Anderson, IN",-205,264,269,-5,184,249,-65,116,274,-158,110.0,99.0,109.0,142.0,122.0,133.0,134.0,108.0,807,1240,-433,200,-60,-93
115,42103,Pike County,PA,243,453,35620,"New York-Newark-Jersey City, NY-NJ-PA",-210,240,444,-204,257,390,-133,189,374,-185,110.0,97.0,114.0,100.0,99.0,101.0,108.0,90.0,929,1661,-732,6,71,-52
116,06065,Riverside County,CA,242,254,40140,"Riverside-San Bernardino-Ontario, CA",-12,188,298,-110,187,267,-80,141,198,-57,111.0,139.0,135.0,130.0,120.0,129.0,124.0,129.0,758,1017,-259,-98,30,23
117,49035,Salt Lake County,UT,241,234,41620,"Salt Lake City, UT",7,235,271,-36,194,209,-15,134,110,24,112.0,144.0,117.0,140.0,116.0,144.0,126.0,155.0,804,824,-20,-43,21,39
118,48029,Bexar County,TX,240,411,41700,"San Antonio-New Braunfels, TX",-171,340,454,-114,241,418,-177,222,321,-99,113.0,106.0,90.0,99.0,104.0,98.0,100.0,100.0,1043,1604,-561,57,-63,78
119,55025,Dane County,WI,239,169,31540,"Madison, WI",70,179,173,6,120,148,-28,105,71,34,114.0,172.0,140.0,175.0,151.0,168.0,140.0,169.0,643,561,82,-64,-34,62
120,37081,Guilford County,NC,232,388,24660,"Greensboro-High Point, NC",-156,236,438,-202,227,325,-98,163,293,-130,115.0,111.0,116.0,102.0,109.0,115.0,115.0,105.0,858,1444,-586,-46,104,-32
121,24003,Anne Arundel County,MD,230,320,12580,"Baltimore-Columbia-Towson, MD",-90,241,290,-49,177,236,-59,220,206,14,116.0,123.0,113.0,134.0,126.0,137.0,101.0,127.0,868,1052,-184,41,-10,73
122,12101,Pasco County,FL,230,409,45300,"Tampa-St. Petersburg-Clearwater, FL",-179,257,419,-162,102,334,-232,97,259,-162,116.0,107.0,110.0,104.0,162.0,113.0,143.0,112.0,686,1421,-735,17,-70,70
123,51153,Prince William County,VA,229,372,47900,"Washington-Arlington-Alexandria, DC-VA-MD-WV",-143,211,267,-56,167,267,-100,126,209,-83,117.0,115.0,124.0,143.0,128.0,129.0,130.0,126.0,733,1115,-382,87,-44,17
124,12083,Marion County,FL,228,317,36100,"Ocala, FL",-89,142,322,-180,114,290,-176,0,233,-233,118.0,126.0,159.0,124.0,155.0,123.0,191.0,121.0,484,1162,-678,-91,4,-57
125,06071,San Bernardino County,CA,228,209,40140,"Riverside-San Bernardino-Ontario, CA",19,239,270,-31,180,186,-6,203,163,40,118.0,152.0,115.0,141.0,123.0,150.0,105.0,136.0,850,828,22,-50,25,46
126,36093,Schenectady County,NY,227,583,10580,"Albany-Schenectady-Troy, NY",-356,330,484,-154,259,555,-296,244,444,-200,119.0,82.0,93.0,95.0,97.0,79.0,96.0,80.0,1060,2066,-1006,202,-142,96
127,37051,Cumberland County,NC,225,436,22180,"Fayetteville, NC",-211,288,411,-123,184,356,-172,187,267,-80,120.0,101.0,104.0,106.0,122.0,108.0,109.0,110.0,884,1470,-586,88,-49,92
128,47157,Shelby County,TN,224,255,32820,"Memphis, TN-MS-AR",-31,211,209,2,164,130,34,130,75,55,121.0,138.0,124.0,159.0,129.0,174.0,128.0,167.0,729,669,60,33,32,21
129,09005,Litchfield County,CT,222,327,45860,"Torrington, CT",-105,233,348,-115,193,350,-157,228,253,-25,122.0,121.0,118.0,119.0,117.0,109.0,99.0,115.0,876,1278,-402,-10,-42,132
130,12009,Brevard County,FL,221,474,37340,"Palm Bay-Melbourne-Titusville, FL",-253,256,424,-168,209,402,-193,164,330,-166,123.0,95.0,111.0,103.0,112.0,100.0,114.0,97.0,850,1630,-780,85,-25,27
131,22071,Orleans Parish,LA,218,316,35380,"New Orleans-Metairie, LA",-98,204,331,-127,178,325,-147,131,216,-85,124.0,127.0,127.0,121.0,125.0,115.0,127.0,122.0,731,1188,-457,-29,-20,62
132,45079,Richland County,SC,217,247,17900,"Columbia, SC",-30,189,288,-99,141,130,11,82,113,-31,125.0,141.0,134.0,135.0,143.0,174.0,150.0,153.0,629,778,-149,-69,110,-42
133,42029,Chester County,PA,217,281,37980,"Philadelphia-Camden-Wilmington, PA-NJ-DE-MD",-64,264,292,-28,217,271,-54,201,164,37,125.0,134.0,109.0,132.0,110.0,128.0,106.0,135.0,899,1008,-109,36,-26,91
134,55079,Milwaukee County,WI,215,225,33340,"Milwaukee-Waukesha-West Allis, WI",-10,193,216,-23,188,177,11,90,129,-39,126.0,145.0,131.0,155.0,119.0,154.0,144.0,148.0,686,747,-61,-13,34,-50
135,12111,St. Lucie County,FL,207,418,38940,"Port St. Lucie, FL",-211,216,370,-154,131,384,-253,74,350,-276,127.0,104.0,123.0,115.0,147.0,103.0,155.0,93.0,628,1522,-894,57,-99,-23
136,37133,Onslow County,NC,206,150,27340,"Jacksonville, NC",56,168,175,-7,99,153,-54,39,163,-124,128.0,182.0,145.0,174.0,163.0,166.0,175.0,136.0,512,641,-129,-63,-47,-70
137,48085,Collin County,TX,206,343,19100,"Dallas-Fort Worth-Arlington, TX",-137,230,368,-138,189,390,-201,141,257,-116,128.0,118.0,120.0,116.0,118.0,101.0,124.0,114.0,766,1358,-592,-1,-63,85
138,45019,Charleston County,SC,203,286,16700,"Charleston-North Charleston, SC",-83,166,318,-152,150,334,-184,145,151,-6,129.0,133.0,146.0,125.0,139.0,113.0,123.0,141.0,664,1089,-425,-69,-32,178
139,13063,Clayton County,GA,201,379,12060,"Atlanta-Sandy Springs-Roswell, GA",-178,325,291,34,150,340,-190,52,336,-284,130.0,113.0,95.0,133.0,139.0,111.0,170.0,96.0,728,1346,-618,212,-224,-94
140,53053,Pierce County,WA,200,155,42660,"Seattle-Tacoma-Bellevue, WA",45,113,191,-78,131,143,-12,28,83,-55,131.0,179.0,172.0,165.0,147.0,169.0,183.0,164.0,472,572,-100,-123,66,-43
141,17097,Lake County,IL,197,209,16980,"Chicago-Naperville-Elgin, IL-IN-WI",-12,181,218,-37,119,158,-39,116,116,0,132.0,152.0,138.0,154.0,152.0,163.0,134.0,152.0,613,701,-88,-25,-2,39
142,42069,Lackawanna County,PA,196,332,42540,"Scranton--Wilkes-Barre--Hazleton, PA",-136,186,270,-84,153,282,-129,150,271,-121,133.0,120.0,136.0,141.0,138.0,126.0,120.0,109.0,685,1155,-470,52,-45,8
143,17043,DuPage County,IL,196,165,16980,"Chicago-Naperville-Elgin, IL-IN-WI",31,200,177,23,149,179,-30,103,176,-73,133.0,176.0,129.0,172.0,140.0,152.0,141.0,133.0,648,697,-49,-8,-53,-43
144,42043,Dauphin County,PA,192,293,25420,"Harrisburg-Carlisle, PA",-101,180,323,-143,173,311,-138,82,322,-240,134.0,131.0,139.0,123.0,127.0,117.0,150.0,99.0,627,1249,-622,-42,5,-102
145,42133,York County,PA,190,292,49620,"York-Hanover, PA",-102,153,278,-125,108,251,-143,34,135,-101,135.0,132.0,153.0,138.0,157.0,132.0,177.0,145.0,485,956,-471,-23,-18,42
146,25015,Hampshire County,MA,190,169,44140,"Springfield, MA",21,119,198,-79,136,157,-21,90,98,-8,135.0,172.0,169.0,163.0,144.0,164.0,144.0,158.0,535,622,-87,-100,58,13
147,51087,Henrico County,VA,190,339,40060,"Richmond, VA",-149,189,310,-121,163,287,-124,178,240,-62,135.0,119.0,134.0,128.0,130.0,125.0,111.0,120.0,720,1176,-456,28,-3,62
148,36083,Rensselaer County,NY,189,255,10580,"Albany-Schenectady-Troy, NY",-66,209,243,-34,161,278,-117,137,244,-107,136.0,138.0,125.0,150.0,132.0,127.0,125.0,119.0,696,1020,-324,32,-83,10
149,01073,Jefferson County,AL,181,177,13820,"Birmingham-Hoover, AL",4,157,184,-27,85,117,-32,42,39,3,137.0,168.0,150.0,168.0,169.0,181.0,174.0,185.0,465,517,-52,-31,-5,35
150,48141,El Paso County,TX,181,189,21340,"El Paso, TX",-8,152,171,-19,84,134,-50,58,98,-40,137.0,160.0,154.0,176.0,170.0,173.0,166.0,158.0,475,592,-117,-11,-31,10
151,36091,Saratoga County,NY,180,214,10580,"Albany-Schenectady-Troy, NY",-34,192,281,-89,167,225,-58,175,251,-76,138.0,150.0,132.0,137.0,128.0,141.0,112.0,116.0,714,971,-257,-55,31,-18
152,13051,Chatham County,GA,179,209,42340,"Savannah, GA",-30,198,179,19,80,169,-89,43,99,-56,139.0,152.0,130.0,171.0,172.0,158.0,173.0,157.0,500,656,-156,49,-108,33
153,48157,Fort Bend County,TX,178,260,26420,"Houston-The Woodlands-Sugar Land, TX",-82,110,333,-223,104,300,-196,47,246,-199,140.0,137.0,174.0,120.0,161.0,121.0,172.0,118.0,439,1139,-700,-141,27,-3
154,06067,Sacramento County,CA,176,185,40900,"Sacramento--Roseville--Arden-Arcade, CA",-9,174,256,-82,187,205,-18,173,163,10,141.0,163.0,142.0,146.0,120.0,146.0,113.0,136.0,710,809,-99,-73,64,28
155,24027,Howard County,MD,174,266,12580,"Baltimore-Columbia-Towson, MD",-92,191,296,-105,134,259,-125,153,144,9,142.0,136.0,133.0,131.0,146.0,130.0,119.0,144.0,652,965,-313,-13,-20,134
156,51760,Richmond city,VA,174,286,40060,"Richmond, VA",-112,235,325,-90,179,305,-126,162,205,-43,142.0,133.0,117.0,122.0,124.0,119.0,116.0,128.0,750,1121,-371,22,-36,83
157,12115,Sarasota County,FL,170,319,35840,"North Port-Sarasota-Bradenton, FL",-149,205,316,-111,135,336,-201,107,211,-104,143.0,124.0,126.0,126.0,145.0,112.0,139.0,125.0,617,1182,-565,38,-90,97
158,45045,Greenville County,SC,167,186,24860,"Greenville-Anderson-Mauldin, SC",-19,71,157,-86,37,228,-191,53,52,1,144.0,162.0,195.0,180.0,201.0,140.0,169.0,176.0,328,623,-295,-67,-105,192
159,51510,Alexandria city,VA,166,196,47900,"Washington-Arlington-Alexandria, DC-VA-MD-WV",-30,159,247,-88,162,214,-52,123,145,-22,145.0,156.0,148.0,147.0,131.0,143.0,133.0,143.0,610,802,-192,-58,36,30
160,25001,Barnstable County,MA,163,215,12700,"Barnstable Town, MA",-52,164,214,-50,154,184,-30,114,177,-63,146.0,149.0,147.0,156.0,137.0,151.0,135.0,132.0,595,790,-195,2,20,-33
161,22051,Jefferson Parish,LA,163,201,35380,"New Orleans-Metairie, LA",-38,136,211,-75,84,193,-109,75,151,-76,146.0,154.0,162.0,158.0,170.0,149.0,154.0,141.0,458,756,-298,-37,-34,33
162,36065,Oneida County,NY,161,252,46540,"Utica-Rome, NY",-91,176,312,-136,149,258,-109,114,276,-162,147.0,140.0,141.0,127.0,140.0,131.0,135.0,107.0,600,1098,-498,-45,27,-53
163,04019,Pima County,AZ,160,202,46060,"Tucson, AZ",-42,169,192,-23,131,186,-55,78,112,-34,148.0,153.0,144.0,164.0,147.0,150.0,152.0,154.0,538,692,-154,19,-32,21
164,51700,Newport News city,VA,154,217,47260,"Virginia Beach-Norfolk-Newport News, VA-NC",-63,147,182,-35,49,197,-148,85,41,44,149.0,148.0,156.0,170.0,193.0,148.0,148.0,183.0,435,637,-202,28,-113,192
165,08013,Boulder County,CO,153,180,14500,"Boulder, CO",-27,152,208,-56,111,236,-125,80,167,-87,150.0,165.0,154.0,160.0,156.0,137.0,151.0,134.0,496,791,-295,-29,-69,38
166,25005,Bristol County,MA,152,217,39300,"Providence-Warwick, RI-MA",-65,155,245,-90,157,232,-75,159,72,87,151.0,148.0,151.0,148.0,135.0,139.0,118.0,168.0,623,766,-143,-25,15,162
167,33011,Hillsborough County,NH,151,213,31700,"Manchester-Nashua, NH",-62,200,234,-34,158,174,-16,116,197,-81,152.0,151.0,129.0,151.0,134.0,155.0,134.0,130.0,625,818,-193,28,18,-65
168,48027,Bell County,TX,150,190,28660,"Killeen-Temple, TX",-40,154,220,-66,42,165,-123,0,119,-119,153.0,159.0,152.0,153.0,196.0,160.0,191.0,151.0,346,694,-348,-26,-57,4
169,34037,Sussex County,NJ,149,162,35620,"New York-Newark-Jersey City, NY-NJ-PA",-13,114,145,-31,143,160,-17,129,90,39,154.0,177.0,171.0,187.0,141.0,162.0,129.0,161.0,535,557,-22,-18,14,56
170,12081,Manatee County,FL,147,187,35840,"North Port-Sarasota-Bradenton, FL",-40,138,207,-69,80,156,-76,25,119,-94,155.0,161.0,161.0,161.0,172.0,165.0,186.0,151.0,390,669,-279,-29,-7,-18
171,12069,Lake County,FL,141,352,36740,"Orlando-Kissimmee-Sanford, FL",-211,169,356,-187,71,356,-285,75,249,-174,156.0,116.0,144.0,117.0,177.0,108.0,154.0,117.0,456,1313,-857,24,-98,111
172,12001,Alachua County,FL,139,160,23540,"Gainesville, FL",-21,144,129,15,85,83,2,76,40,36,157.0,178.0,158.0,192.0,169.0,196.0,153.0,184.0,444,412,32,36,-13,34
173,49049,Utah County,UT,136,37,39340,"Provo-Orem, UT",99,48,51,-3,53,53,0,63,0,63,158.0,258.0,215.0,240.0,189.0,206.0,163.0,195.0,300,141,159,-102,3,63
174,36045,Jefferson County,NY,136,152,48060,"Watertown-Fort Drum, NY",-16,131,150,-19,0,90,-90,51,47,4,158.0,181.0,164.0,186.0,215.0,191.0,171.0,179.0,318,439,-121,-3,-71,94
175,25023,Plymouth County,MA,135,174,14460,"Boston-Cambridge-Newton, MA-NH",-39,158,179,-21,159,168,-9,108,78,30,159.0,169.0,149.0,171.0,133.0,159.0,138.0,166.0,560,599,-39,18,12,39
176,36021,Columbia County,NY,134,304,26460,"Hudson, NY",-170,182,287,-105,202,296,-94,86,261,-175,160.0,129.0,137.0,136.0,113.0,122.0,147.0,111.0,604,1148,-544,65,11,-81
177,23005,Cumberland County,ME,134,180,38860,"Portland-South Portland, ME",-46,145,192,-47,155,234,-79,112,164,-52,160.0,165.0,157.0,164.0,136.0,138.0,136.0,135.0,546,770,-224,-1,-32,27
178,08005,Arapahoe County,CO,132,171,19740,"Denver-Aurora-Lakewood, CO",-39,152,204,-52,115,203,-88,89,145,-56,161.0,170.0,154.0,162.0,154.0,147.0,145.0,143.0,488,723,-235,-13,-36,32
179,02020,Anchorage Municipality,AK,130,115,11260,"Anchorage, AK",15,103,68,35,0,35,-35,0,0,0,162.0,202.0,176.0,228.0,215.0,217.0,191.0,195.0,233,218,15,20,-70,35
180,34041,Warren County,NJ,130,150,10900,"Allentown-Bethlehem-Easton, PA-NJ",-20,130,155,-25,31,89,-58,23,37,-14,162.0,182.0,165.0,182.0,206.0,192.0,188.0,187.0,314,431,-117,-5,-33,44
181,21111,Jefferson County,KY,130,170,31140,"Louisville/Jefferson County, KY-IN",-40,141,190,-49,105,148,-43,69,130,-61,162.0,171.0,160.0,166.0,160.0,168.0,158.0,147.0,445,638,-193,-9,6,-18
182,27123,Ramsey County,MN,130,107,33460,"Minneapolis-St. Paul-Bloomington, MN-WI",23,123,91,32,85,69,16,68,48,20,162.0,208.0,167.0,210.0,169.0,202.0,159.0,178.0,406,315,91,9,-16,4
183,06041,Marin County,CA,129,168,41860,"San Francisco-Oakland-Hayward, CA",-39,114,234,-120,121,242,-121,124,186,-62,163.0,173.0,171.0,151.0,150.0,135.0,132.0,131.0,488,830,-342,-81,-1,59
184,48121,Denton County,TX,128,154,19100,"Dallas-Fort Worth-Arlington, TX",-26,135,209,-74,124,94,30,68,133,-65,164.0,180.0,163.0,159.0,149.0,189.0,159.0,146.0,455,590,-135,-48,104,-95
185,50007,Chittenden County,VT,127,133,15540,"Burlington-South Burlington, VT",-6,127,157,-30,89,108,-19,72,69,3,165.0,192.0,166.0,180.0,167.0,185.0,156.0,170.0,415,467,-52,-24,11,22
186,51107,Loudoun County,VA,122,193,47900,"Washington-Arlington-Alexandria, DC-VA-MD-WV",-71,145,176,-31,142,206,-64,153,126,27,166.0,157.0,157.0,173.0,142.0,145.0,119.0,149.0,562,701,-139,40,-33,91
187,29510,St. Louis city,MO,121,98,41180,"St. Louis, MO-IL",23,116,117,-1,72,67,5,64,37,27,167.0,212.0,170.0,195.0,176.0,204.0,162.0,187.0,373,319,54,-24,6,22
188,26099,Macomb County,MI,118,149,19820,"Detroit-Warren-Dearborn, MI",-31,114,140,-26,57,86,-29,30,0,30,168.0,183.0,171.0,189.0,188.0,194.0,181.0,195.0,319,375,-56,5,-3,59
189,09007,Middlesex County,CT,117,117,25540,"Hartford-West Hartford-East Hartford, CT",0,105,163,-58,129,139,-10,88,0,88,169.0,200.0,175.0,178.0,148.0,170.0,146.0,195.0,439,419,20,-58,48,98
190,25003,Berkshire County,MA,115,167,38340,"Pittsfield, MA",-52,101,190,-89,98,149,-51,59,82,-23,170.0,174.0,177.0,166.0,164.0,167.0,165.0,165.0,373,588,-215,-37,38,28
191,34019,Hunterdon County,NJ,115,179,35620,"New York-Newark-Jersey City, NY-NJ-PA",-64,164,204,-40,116,114,2,110,40,70,170.0,166.0,147.0,162.0,153.0,183.0,137.0,184.0,505,537,-32,24,42,68
192,51041,Chesterfield County,VA,113,193,40060,"Richmond, VA",-80,152,233,-81,38,240,-202,125,97,28,171.0,157.0,154.0,152.0,200.0,136.0,131.0,159.0,428,763,-335,-1,-121,230
193,36039,Greene County,NY,113,220,,non-metro,-107,120,156,-36,107,171,-64,97,153,-56,171.0,146.0,168.0,181.0,158.0,157.0,143.0,140.0,437,700,-263,71,-28,8
194,37135,Orange County,NC,112,127,20500,"Durham-Chapel Hill, NC",-15,112,163,-51,90,125,-35,76,63,13,172.0,195.0,173.0,178.0,166.0,176.0,153.0,172.0,390,478,-88,-36,16,48
195,06111,Ventura County,CA,112,136,37100,"Oxnard-Thousand Oaks-Ventura, CA",-24,131,142,-11,106,143,-37,100,93,7,172.0,189.0,164.0,188.0,159.0,169.0,142.0,160.0,449,514,-65,13,-26,44
196,29095,Jackson County,MO,112,191,28140,"Kansas City, MO-KS",-79,155,183,-28,107,92,15,74,72,2,172.0,158.0,151.0,169.0,158.0,190.0,155.0,168.0,448,538,-90,51,43,-13
197,06083,Santa Barbara County,CA,112,119,42200,"Santa Maria-Santa Barbara, CA",-7,105,109,-4,51,97,-46,70,105,-35,172.0,199.0,175.0,198.0,191.0,187.0,157.0,156.0,338,430,-92,3,-42,11
198,37067,Forsyth County,NC,110,166,49180,"Winston-Salem, NC",-56,151,192,-41,95,165,-70,84,130,-46,173.0,175.0,155.0,164.0,165.0,160.0,149.0,147.0,440,653,-213,15,-29,24
199,20091,Johnson County,KS,110,134,28140,"Kansas City, MO-KS",-24,99,171,-72,81,137,-56,57,40,17,173.0,191.0,178.0,176.0,171.0,172.0,167.0,184.0,347,482,-135,-48,16,73
200,12053,Hernando County,FL,108,177,45300,"Tampa-St. Petersburg-Clearwater, FL",-69,76,189,-113,0,124,-124,0,46,-46,174.0,168.0,190.0,167.0,215.0,177.0,191.0,180.0,184,536,-352,-44,-11,78
201,35001,Bernalillo County,NM,107,89,10740,"Albuquerque, NM",18,86,140,-54,107,79,28,67,0,67,175.0,218.0,185.0,189.0,158.0,197.0,160.0,195.0,367,308,59,-72,82,39
202,13151,Henry County,GA,105,305,12060,"Atlanta-Sandy Springs-Roswell, GA",-200,92,244,-152,38,161,-123,0,197,-197,176.0,128.0,180.0,149.0,200.0,161.0,191.0,130.0,235,907,-672,48,29,-74
203,24025,Harford County,MD,105,103,12580,"Baltimore-Columbia-Towson, MD",2,68,94,-26,73,42,31,60,88,-28,176.0,210.0,198.0,207.0,175.0,212.0,164.0,162.0,306,327,-21,-28,57,-59
204,08041,El Paso County,CO,104,191,17820,"Colorado Springs, CO",-87,152,171,-19,74,138,-64,67,149,-82,177.0,158.0,154.0,176.0,174.0,171.0,160.0,142.0,397,649,-252,68,-45,-18
205,45051,Horry County,SC,103,214,34820,"Myrtle Beach-Conway-North Myrtle Beach, SC-NC",-111,88,198,-110,40,122,-82,0,88,-88,178.0,150.0,183.0,163.0,198.0,179.0,191.0,162.0,231,622,-391,1,28,-6
206,12073,Leon County,FL,101,143,45220,"Tallahassee, FL",-42,171,53,118,62,35,27,65,0,65,179.0,185.0,143.0,239.0,183.0,217.0,161.0,195.0,399,231,168,160,-91,38
207,13247,Rockdale County,GA,99,124,12060,"Atlanta-Sandy Springs-Roswell, GA",-25,63,136,-73,0,113,-113,0,64,-64,180.0,197.0,203.0,190.0,215.0,184.0,191.0,171.0,162,437,-275,-48,-40,49
208,34015,Gloucester County,NJ,95,93,37980,"Philadelphia-Camden-Wilmington, PA-NJ-DE-MD",2,76,123,-47,61,64,-3,33,0,33,181.0,216.0,190.0,194.0,184.0,205.0,178.0,195.0,265,280,-15,-49,44,36
209,51540,Charlottesville city,VA,94,66,16820,"Charlottesville, VA",28,95,66,29,65,33,32,24,31,-7,182.0,232.0,179.0,230.0,181.0,219.0,187.0,191.0,278,196,82,1,3,-39
210,33009,Grafton County,NH,91,55,17200,"Claremont-Lebanon, NH-VT",36,79,73,6,68,44,24,42,0,42,183.0,243.0,189.0,223.0,178.0,210.0,174.0,195.0,280,172,108,-30,18,18
211,34011,Cumberland County,NJ,89,135,47220,"Vineland-Bridgeton, NJ",-46,39,109,-70,0,0,0,0,0,0,184.0,190.0,224.0,198.0,215.0,225.0,191.0,195.0,128,244,-116,-24,70,0
212,40109,Oklahoma County,OK,88,199,36420,"Oklahoma City, OK",-111,90,94,-4,58,130,-72,36,42,-6,185.0,155.0,182.0,207.0,187.0,174.0,176.0,182.0,272,465,-193,107,-68,66
213,26081,Kent County,MI,88,137,24340,"Grand Rapids-Wyoming, MI",-49,64,158,-94,86,87,-1,30,0,30,185.0,188.0,202.0,179.0,168.0,193.0,181.0,195.0,268,382,-114,-45,93,31
214,42075,Lebanon County,PA,86,178,30140,"Lebanon, PA",-92,60,212,-152,0,115,-115,0,55,-55,186.0,167.0,206.0,157.0,215.0,182.0,191.0,173.0,146,560,-414,-60,37,60
215,42027,Centre County,PA,86,61,44300,"State College, PA",25,62,50,12,29,0,29,23,23,0,186.0,237.0,204.0,241.0,208.0,225.0,188.0,194.0,200,134,66,-13,17,-29
216,51003,Albemarle County,VA,85,85,16820,"Charlottesville, VA",0,82,88,-6,59,43,16,0,0,0,187.0,221.0,187.0,213.0,186.0,211.0,191.0,195.0,226,216,10,-6,22,-16
217,40143,Tulsa County,OK,83,75,46140,"Tulsa, OK",8,68,85,-17,35,30,5,31,40,-9,188.0,227.0,198.0,215.0,203.0,222.0,180.0,184.0,217,230,-13,-25,22,-14
218,12035,Flagler County,FL,82,152,19660,"Deltona-Daytona Beach-Ormond Beach, FL",-70,91,182,-91,0,119,-119,0,87,-87,189.0,181.0,181.0,170.0,215.0,180.0,191.0,163.0,173,540,-367,-21,-28,32
219,33015,Rockingham County,NH,82,97,14460,"Boston-Cambridge-Newton, MA-NH",-15,92,105,-13,63,73,-10,57,43,14,189.0,213.0,180.0,200.0,182.0,198.0,167.0,181.0,294,318,-24,2,3,24
220,39113,Montgomery County,OH,81,60,19380,"Dayton, OH",21,59,103,-44,0,0,0,0,0,0,190.0,238.0,207.0,201.0,215.0,225.0,191.0,195.0,140,163,-23,-65,44,0
221,36025,Delaware County,NY,80,155,,non-metro,-75,62,168,-106,41,173,-132,27,64,-37,191.0,179.0,204.0,177.0,197.0,156.0,184.0,171.0,210,560,-350,-31,-26,95
222,31055,Douglas County,NE,80,111,36540,"Omaha-Council Bluffs, NE-IA",-31,82,94,-12,32,73,-41,56,38,18,191.0,205.0,187.0,207.0,205.0,198.0,168.0,186.0,250,316,-66,19,-29,59
223,10001,Kent County,DE,78,182,20100,"Dover, DE",-104,62,153,-91,40,85,-45,33,161,-128,192.0,164.0,204.0,184.0,198.0,195.0,178.0,137.0,213,581,-368,13,46,-83
224,53061,Snohomish County,WA,77,108,42660,"Seattle-Tacoma-Bellevue, WA",-31,66,131,-65,0,95,-95,56,0,56,193.0,207.0,200.0,191.0,215.0,188.0,168.0,195.0,199,334,-135,-34,-30,151
225,39017,Butler County,OH,76,65,17140,"Cincinnati, OH-KY-IN",11,62,72,-10,0,0,0,23,0,23,194.0,233.0,204.0,224.0,215.0,225.0,188.0,195.0,161,137,24,-21,10,23
226,13215,Muscogee County,GA,76,54,17980,"Columbus, GA-AL",22,39,106,-67,0,0,0,0,0,0,194.0,244.0,224.0,199.0,215.0,225.0,191.0,195.0,115,160,-45,-89,67,0
227,42041,Cumberland County,PA,75,112,25420,"Harrisburg-Carlisle, PA",-37,84,75,9,26,0,26,25,0,25,195.0,204.0,186.0,221.0,211.0,225.0,186.0,195.0,210,187,23,46,17,-1
228,51650,Hampton city,VA,74,138,47260,"Virginia Beach-Norfolk-Newport News, VA-NC",-64,92,95,-3,39,72,-33,0,0,0,196.0,187.0,180.0,206.0,199.0,199.0,191.0,195.0,205,305,-100,61,-30,33
229,47093,Knox County,TN,72,63,28940,"Knoxville, TN",9,65,61,4,67,0,67,0,0,0,197.0,235.0,201.0,233.0,179.0,225.0,191.0,195.0,204,124,80,-5,63,-67
230,45015,Berkeley County,SC,72,142,16700,"Charleston-North Charleston, SC",-70,59,63,-4,0,71,-71,0,0,0,197.0,186.0,207.0,232.0,215.0,200.0,191.0,195.0,131,276,-145,66,-67,71
231,05119,Pulaski County,AR,71,77,30780,"Little Rock-North Little Rock-Conway, AR",-6,80,46,34,32,0,32,0,0,0,198.0,225.0,188.0,244.0,205.0,225.0,191.0,195.0,183,123,60,40,-2,-32
232,44009,Washington County,RI,70,63,39300,"Providence-Warwick, RI-MA",7,95,67,28,43,39,4,0,0,0,199.0,235.0,179.0,229.0,195.0,215.0,191.0,195.0,208,169,39,21,-24,-4
233,17019,Champaign County,IL,70,78,16580,"Champaign-Urbana, IL",-8,47,28,19,76,0,76,0,0,0,199.0,224.0,216.0,262.0,173.0,225.0,191.0,195.0,193,106,87,27,57,-76
234,19153,Polk County,IA,70,73,19780,"Des Moines-West Des Moines, IA",-3,41,66,-25,0,0,0,0,0,0,199.0,228.0,222.0,230.0,215.0,225.0,191.0,195.0,111,139,-28,-22,25,0
235,22033,East Baton Rouge Parish,LA,67,69,12940,"Baton Rouge, LA",-2,69,93,-24,71,42,29,58,0,58,200.0,230.0,197.0,208.0,177.0,212.0,166.0,195.0,265,204,61,-22,53,29
236,21067,Fayette County,KY,67,81,30460,"Lexington-Fayette, KY",-14,87,102,-15,58,31,27,28,0,28,200.0,223.0,184.0,202.0,187.0,221.0,183.0,195.0,240,214,26,-1,42,1
237,36063,Niagara County,NY,67,31,15380,"Buffalo-Cheektowaga-Niagara Falls, NY",36,51,44,7,29,0,29,0,0,0,200.0,264.0,212.0,246.0,208.0,225.0,191.0,195.0,147,75,72,-29,22,-29
238,08059,Jefferson County,CO,67,117,19740,"Denver-Aurora-Lakewood, CO",-50,59,92,-33,40,68,-28,27,0,27,200.0,200.0,207.0,209.0,198.0,203.0,184.0,195.0,193,277,-84,17,5,55
239,32031,Washoe County,NV,65,83,39900,"Reno, NV",-18,67,39,28,0,34,-34,0,0,0,201.0,222.0,199.0,251.0,215.0,218.0,191.0,195.0,132,156,-24,46,-62,34
240,13217,Newton County,GA,62,113,12060,"Atlanta-Sandy Springs-Roswell, GA",-51,36,81,-45,0,68,-68,0,53,-53,202.0,203.0,227.0,216.0,215.0,203.0,191.0,175.0,98,315,-217,6,-23,15
241,41067,Washington County,OR,62,94,38900,"Portland-Vancouver-Hillsboro, OR-WA",-32,58,99,-41,43,44,-1,24,32,-8,202.0,215.0,208.0,205.0,195.0,210.0,187.0,190.0,187,269,-82,-9,40,-7
242,39153,Summit County,OH,61,81,10420,"Akron, OH",-20,112,86,26,60,36,24,67,0,67,203.0,223.0,173.0,214.0,185.0,216.0,160.0,195.0,300,203,97,46,-2,43
243,47065,Hamilton County,TN,59,44,16860,"Chattanooga, TN-GA",15,46,89,-43,0,0,0,0,0,0,204.0,251.0,217.0,212.0,215.0,225.0,191.0,195.0,105,133,-28,-58,43,0
244,51550,Chesapeake city,VA,59,147,47260,"Virginia Beach-Norfolk-Newport News, VA-NC",-88,68,177,-109,30,117,-87,33,41,-8,204.0,184.0,198.0,172.0,207.0,181.0,178.0,183.0,190,482,-292,-21,22,79
245,44005,Newport County,RI,58,48,39300,"Providence-Warwick, RI-MA",10,36,80,-44,0,27,-27,0,36,-36,205.0,248.0,227.0,217.0,215.0,224.0,191.0,188.0,94,191,-97,-54,17,-9
246,36077,Otsego County,NY,57,64,36580,"Oneonta, NY",-7,45,100,-55,0,0,0,0,41,-41,206.0,234.0,218.0,204.0,215.0,225.0,191.0,183.0,102,205,-103,-48,55,-41
247,12015,Charlotte County,FL,57,122,39460,"Punta Gorda, FL",-65,34,89,-55,0,0,0,0,0,0,206.0,198.0,229.0,212.0,215.0,225.0,191.0,195.0,91,211,-120,10,55,0
248,34009,Cape May County,NJ,55,97,36140,"Ocean City, NJ",-42,20,31,-11,0,0,0,21,0,21,207.0,213.0,243.0,259.0,215.0,225.0,190.0,195.0,96,128,-32,31,11,21
249,48491,Williamson County,TX,54,97,12420,"Austin-Round Rock, TX",-43,79,128,-49,36,105,-69,0,54,-54,208.0,213.0,189.0,193.0,202.0,186.0,191.0,174.0,169,384,-215,-6,-20,15
250,13245,Richmond County,GA,54,109,12260,"Augusta-Richmond County, GA-SC",-55,65,103,-38,0,0,0,0,0,0,208.0,206.0,201.0,201.0,215.0,225.0,191.0,195.0,119,212,-93,17,38,0
251,37129,New Hanover County,NC,53,89,48900,"Wilmington, NC",-36,82,105,-23,66,115,-49,0,0,0,209.0,218.0,187.0,200.0,180.0,182.0,191.0,195.0,201,309,-108,13,-26,49
252,10005,Sussex County,DE,53,126,41540,"Salisbury, MD-DE",-73,38,71,-33,0,0,0,0,0,0,209.0,196.0,225.0,225.0,215.0,225.0,191.0,195.0,91,197,-106,40,33,0
253,25011,Franklin County,MA,53,35,24640,"Greenfield Town, MA",18,28,24,4,0,0,0,0,0,0,209.0,260.0,235.0,266.0,215.0,225.0,191.0,195.0,81,59,22,-14,-4,0
254,35049,Santa Fe County,NM,53,58,42140,"Santa Fe, NM",-5,66,81,-15,26,70,-44,23,36,-13,209.0,240.0,200.0,216.0,211.0,201.0,188.0,188.0,168,245,-77,-10,-29,31
255,09013,Tolland County,CT,52,35,25540,"Hartford-West Hartford-East Hartford, CT",17,54,60,-6,52,0,52,0,0,0,210.0,260.0,211.0,234.0,190.0,225.0,191.0,195.0,158,95,63,-23,58,-52
256,13097,Douglas County,GA,51,105,12060,"Atlanta-Sandy Springs-Roswell, GA",-54,48,136,-88,0,41,-41,0,52,-52,211.0,209.0,215.0,190.0,215.0,213.0,191.0,176.0,99,334,-235,-34,47,-11
257,39095,Lucas County,OH,51,62,45780,"Toledo, OH",-11,42,56,-14,27,0,27,0,0,0,211.0,236.0,221.0,237.0,210.0,225.0,191.0,195.0,120,118,2,-3,41,-27
258,36069,Ontario County,NY,51,33,40380,"Rochester, NY",18,28,68,-40,0,0,0,0,0,0,211.0,262.0,235.0,228.0,215.0,225.0,191.0,195.0,79,101,-22,-58,40,0
259,24043,Washington County,MD,50,21,25180,"Hagerstown-Martinsburg, MD-WV",29,0,64,-64,0,0,0,0,0,0,212.0,273.0,253.0,231.0,215.0,225.0,191.0,195.0,50,85,-35,-93,64,0
260,48215,Hidalgo County,TX,50,62,32580,"McAllen-Edinburg-Mission, TX",-12,34,44,-10,0,0,0,0,0,0,212.0,236.0,229.0,246.0,215.0,225.0,191.0,195.0,84,106,-22,2,10,0
261,18105,Monroe County,IN,50,65,14020,"Bloomington, IN",-15,74,40,34,32,0,32,0,0,0,212.0,233.0,192.0,250.0,205.0,225.0,191.0,195.0,156,105,51,49,-2,-32
262,12061,Indian River County,FL,50,69,42680,"Sebastian-Vero Beach, FL",-19,41,80,-39,0,45,-45,0,0,0,212.0,230.0,222.0,217.0,215.0,209.0,191.0,195.0,91,194,-103,-20,-6,45
263,55133,Waukesha County,WI,49,50,33340,"Milwaukee-Waukesha-West Allis, WI",-1,30,56,-26,24,0,24,0,0,0,213.0,247.0,233.0,237.0,213.0,225.0,191.0,195.0,103,106,-3,-25,50,-24
264,36019,Clinton County,NY,49,0,38460,"Plattsburgh, NY",49,0,15,-15,0,0,0,0,0,0,213.0,284.0,253.0,275.0,215.0,225.0,191.0,195.0,49,15,34,-64,15,0
265,44003,Kent County,RI,49,66,39300,"Providence-Warwick, RI-MA",-17,67,78,-11,32,0,32,0,0,0,213.0,232.0,199.0,219.0,205.0,225.0,191.0,195.0,148,144,4,6,43,-32
266,47125,Montgomery County,TN,47,131,17300,"Clarksville, TN-KY",-84,72,115,-43,0,49,-49,0,0,0,214.0,194.0,194.0,196.0,215.0,207.0,191.0,195.0,119,295,-176,41,-6,49
267,45013,Beaufort County,SC,47,92,25940,"Hilton Head Island-Bluffton-Beaufort, SC",-45,73,115,-42,32,35,-3,26,78,-52,214.0,217.0,193.0,196.0,205.0,217.0,185.0,166.0,178,320,-142,3,39,-49
268,12091,Okaloosa County,FL,47,29,18880,"Crestview-Fort Walton Beach-Destin, FL",18,25,24,1,0,0,0,0,0,0,214.0,266.0,238.0,266.0,215.0,225.0,191.0,195.0,72,53,19,-17,-1,0
269,26065,Ingham County,MI,46,46,29620,"Lansing-East Lansing, MI",0,57,58,-1,30,0,30,0,0,0,215.0,249.0,209.0,236.0,207.0,225.0,191.0,195.0,133,104,29,-1,31,-30
270,42127,Wayne County,PA,46,132,,non-metro,-86,37,152,-115,0,48,-48,0,0,0,215.0,193.0,226.0,185.0,215.0,208.0,191.0,195.0,83,332,-249,-29,67,48
271,06097,Sonoma County,CA,45,92,42220,"Santa Rosa, CA",-47,64,90,-26,44,90,-46,29,34,-5,216.0,217.0,202.0,211.0,194.0,191.0,182.0,189.0,182,306,-124,21,-20,41
272,24021,Frederick County,MD,45,51,47900,"Washington-Arlington-Alexandria, DC-VA-MD-WV",-6,66,95,-29,27,123,-96,33,0,33,216.0,246.0,200.0,206.0,210.0,178.0,178.0,195.0,171,269,-98,-23,-67,129
273,01089,Madison County,AL,44,43,26620,"Huntsville, AL",1,63,38,25,0,0,0,0,0,0,217.0,252.0,203.0,252.0,215.0,225.0,191.0,195.0,107,81,26,24,-25,0
274,01101,Montgomery County,AL,44,44,33860,"Montgomery, AL",0,21,45,-24,0,0,0,0,0,0,217.0,251.0,242.0,245.0,215.0,225.0,191.0,195.0,65,89,-24,-24,24,0
275,37021,Buncombe County,NC,44,86,11700,"Asheville, NC",-42,50,113,-63,50,94,-44,32,64,-32,217.0,220.0,213.0,197.0,192.0,189.0,179.0,171.0,176,357,-181,-21,19,12
276,06087,Santa Cruz County,CA,44,53,42100,"Santa Cruz-Watsonville, CA",-9,57,60,-3,25,69,-44,0,30,-30,217.0,245.0,209.0,234.0,212.0,202.0,191.0,192.0,126,212,-86,6,-41,14
277,41039,Lane County,OR,43,38,21660,"Eugene, OR",5,42,61,-19,0,0,0,22,0,22,218.0,257.0,221.0,233.0,215.0,225.0,189.0,195.0,107,99,8,-24,19,22
278,08069,Larimer County,CO,42,36,22660,"Fort Collins, CO",6,47,18,29,0,0,0,0,0,0,219.0,259.0,216.0,272.0,215.0,225.0,191.0,195.0,89,54,35,23,-29,0
279,18157,Tippecanoe County,IN,42,12,29200,"Lafayette-West Lafayette, IN",30,16,0,16,0,0,0,0,0,0,219.0,282.0,247.0,281.0,215.0,225.0,191.0,195.0,58,12,46,-14,-16,0
280,42025,Carbon County,PA,42,26,10900,"Allentown-Bethlehem-Easton, PA-NJ",16,0,61,-61,0,41,-41,0,0,0,219.0,269.0,253.0,233.0,215.0,213.0,191.0,195.0,42,128,-86,-77,20,41
281,12109,St. Johns County,FL,42,115,27260,"Jacksonville, FL",-73,62,154,-92,23,128,-105,29,0,29,219.0,202.0,204.0,183.0,214.0,175.0,182.0,195.0,156,397,-241,-19,-13,134
282,06029,Kern County,CA,41,37,12540,"Bakersfield, CA",4,32,59,-27,0,0,0,0,0,0,220.0,258.0,231.0,235.0,215.0,225.0,191.0,195.0,73,96,-23,-31,27,0
283,06053,Monterey County,CA,41,48,41500,"Salinas, CA",-7,41,53,-12,0,30,-30,21,0,21,220.0,248.0,222.0,239.0,215.0,222.0,190.0,195.0,103,131,-28,-5,-18,51
284,20173,Sedgwick County,KS,41,14,48620,"Wichita, KS",27,75,64,11,0,0,0,0,0,0,220.0,280.0,191.0,231.0,215.0,225.0,191.0,195.0,116,78,38,-16,-11,0
285,45063,Lexington County,SC,40,76,17900,"Columbia, SC",-36,39,70,-31,0,0,0,0,0,0,221.0,226.0,224.0,226.0,215.0,225.0,191.0,195.0,79,146,-67,5,31,0
286,41005,Clackamas County,OR,40,19,38900,"Portland-Vancouver-Hillsboro, OR-WA",21,16,41,-25,0,0,0,0,0,0,221.0,275.0,247.0,249.0,215.0,225.0,191.0,195.0,56,60,-4,-46,25,0
287,27037,Dakota County,MN,40,55,33460,"Minneapolis-St. Paul-Bloomington, MN-WI",-15,33,75,-42,28,0,28,32,0,32,221.0,243.0,230.0,221.0,209.0,225.0,179.0,195.0,133,130,3,-27,70,4
288,06079,San Luis Obispo County,CA,39,36,42020,"San Luis Obispo-Paso Robles-Arroyo Grande, CA",3,27,13,14,0,0,0,0,0,0,222.0,259.0,236.0,277.0,215.0,225.0,191.0,195.0,66,49,17,11,-14,0
289,17197,Will County,IL,39,37,16980,"Chicago-Naperville-Elgin, IL-IN-WI",2,44,34,10,0,0,0,0,0,0,222.0,258.0,219.0,256.0,215.0,225.0,191.0,195.0,83,71,12,8,-10,0
290,33013,Merrimack County,NH,39,19,18180,"Concord, NH",20,31,45,-14,0,0,0,0,0,0,222.0,275.0,232.0,245.0,215.0,225.0,191.0,195.0,70,64,6,-34,14,0
291,48339,Montgomery County,TX,39,85,26420,"Houston-The Woodlands-Sugar Land, TX",-46,34,81,-47,0,40,-40,0,0,0,222.0,221.0,229.0,216.0,215.0,214.0,191.0,195.0,73,206,-133,-1,7,40
292,01097,Mobile County,AL,38,44,33660,"Mobile, AL",-6,61,75,-14,0,0,0,0,0,0,223.0,251.0,205.0,221.0,215.0,225.0,191.0,195.0,99,119,-20,-8,14,0
293,09015,Windham County,CT,38,81,49340,"Worcester, MA-CT",-43,20,15,5,0,0,0,0,0,0,223.0,223.0,243.0,275.0,215.0,225.0,191.0,195.0,58,96,-38,48,-5,0
294,06019,Fresno County,CA,37,137,23420,"Fresno, CA",-100,70,106,-36,0,43,-43,28,51,-23,224.0,188.0,196.0,199.0,215.0,211.0,183.0,177.0,135,337,-202,64,-7,20
295,53067,Thurston County,WA,37,34,36500,"Olympia-Tumwater, WA",3,15,0,15,0,0,0,0,0,0,224.0,261.0,248.0,281.0,215.0,225.0,191.0,195.0,52,34,18,12,-15,0
296,19103,Johnson County,IA,36,77,26980,"Iowa City, IA",-41,64,101,-37,26,0,26,0,0,0,225.0,225.0,202.0,203.0,211.0,225.0,191.0,195.0,126,178,-52,4,63,-26
297,18003,Allen County,IN,35,0,23060,"Fort Wayne, IN",35,0,59,-59,0,0,0,0,0,0,226.0,284.0,253.0,235.0,215.0,225.0,191.0,195.0,35,59,-24,-94,59,0
298,42049,Erie County,PA,33,76,21500,"Erie, PA",-43,20,53,-33,34,0,34,0,0,0,227.0,226.0,243.0,239.0,204.0,225.0,191.0,195.0,87,129,-42,10,67,-34
299,33017,Strafford County,NH,33,34,14460,"Boston-Cambridge-Newton, MA-NH",-1,19,42,-23,0,0,0,0,0,0,227.0,261.0,244.0,248.0,215.0,225.0,191.0,195.0,52,76,-24,-22,23,0
300,45083,Spartanburg County,SC,33,0,43900,"Spartanburg, SC",33,24,89,-65,0,0,0,0,0,0,227.0,284.0,239.0,212.0,215.0,225.0,191.0,195.0,57,89,-32,-98,65,0
301,29019,Boone County,MO,33,18,17860,"Columbia, MO",15,37,15,22,0,0,0,0,0,0,227.0,276.0,226.0,275.0,215.0,225.0,191.0,195.0,70,33,37,7,-22,0
302,53035,Kitsap County,WA,33,18,14740,"Bremerton-Silverdale, WA",15,25,35,-10,0,0,0,0,0,0,227.0,276.0,238.0,255.0,215.0,225.0,191.0,195.0,58,53,5,-25,10,0
303,12087,Monroe County,FL,31,44,28580,"Key West, FL",-13,49,40,9,0,0,0,0,0,0,228.0,251.0,214.0,250.0,215.0,225.0,191.0,195.0,80,84,-4,22,-9,0
304,47187,Williamson County,TN,31,37,34980,"Nashville-Davidson--Murfreesboro--Franklin, TN",-6,69,71,-2,0,39,-39,33,0,33,228.0,258.0,197.0,225.0,215.0,215.0,178.0,195.0,133,147,-14,4,-37,72
305,08037,Eagle County,CO,31,20,20780,"Edwards, CO",11,10,15,-5,0,0,0,0,0,0,228.0,274.0,252.0,275.0,215.0,225.0,191.0,195.0,41,35,6,-16,5,0
306,36075,Oswego County,NY,31,0,45060,"Syracuse, NY",31,20,0,20,0,0,0,0,0,0,228.0,284.0,243.0,281.0,215.0,225.0,191.0,195.0,51,0,51,-11,-20,0
307,12033,Escambia County,FL,30,53,37860,"Pensacola-Ferry Pass-Brent, FL",-23,49,69,-20,0,0,0,0,0,0,229.0,245.0,214.0,227.0,215.0,225.0,191.0,195.0,79,122,-43,3,20,0
308,06077,San Joaquin County,CA,28,19,44700,"Stockton-Lodi, CA",9,24,56,-32,0,0,0,0,0,0,230.0,275.0,239.0,237.0,215.0,225.0,191.0,195.0,52,75,-23,-41,32,0
309,18057,Hamilton County,IN,27,57,26900,"Indianapolis-Carmel-Anderson, IN",-30,26,94,-68,0,0,0,0,0,0,231.0,241.0,237.0,207.0,215.0,225.0,191.0,195.0,53,151,-98,-38,68,0
310,36057,Montgomery County,NY,27,46,11220,"Amsterdam, NY",-19,0,30,-30,0,0,0,0,0,0,231.0,249.0,253.0,260.0,215.0,225.0,191.0,195.0,27,76,-49,-11,30,0
311,37147,Pitt County,NC,27,115,24780,"Greenville, NC",-88,45,106,-61,0,0,0,0,0,0,231.0,202.0,218.0,199.0,215.0,225.0,191.0,195.0,72,221,-149,27,61,0
312,50027,Windsor County,VT,26,17,17200,"Claremont-Lebanon, NH-VT",9,30,43,-13,0,0,0,0,0,0,232.0,277.0,233.0,247.0,215.0,225.0,191.0,195.0,56,60,-4,-22,13,0
313,13021,Bibb County,GA,25,16,31420,"Macon-Bibb County, GA",9,21,18,3,0,0,0,0,0,0,233.0,278.0,242.0,272.0,215.0,225.0,191.0,195.0,46,34,12,-6,-3,0
314,53011,Clark County,WA,25,17,38900,"Portland-Vancouver-Hillsboro, OR-WA",8,17,32,-15,0,0,0,0,0,0,233.0,277.0,246.0,258.0,215.0,225.0,191.0,195.0,42,49,-7,-23,15,0
315,06061,Placer County,CA,25,0,40900,"Sacramento--Roseville--Arden-Arcade, CA",25,42,13,29,0,0,0,0,0,0,233.0,284.0,221.0,277.0,215.0,225.0,191.0,195.0,67,13,54,4,-29,0
316,45041,Florence County,SC,25,60,22500,"Florence, SC",-35,20,45,-25,0,0,0,0,0,0,233.0,238.0,243.0,245.0,215.0,225.0,191.0,195.0,45,105,-60,10,25,0
317,45075,Orangeburg County,SC,25,83,36700,"Orangeburg, SC",-58,0,71,-71,0,0,0,0,32,-32,233.0,222.0,253.0,225.0,215.0,225.0,191.0,190.0,25,186,-161,-13,71,-32
318,17089,Kane County,IL,24,40,16980,"Chicago-Naperville-Elgin, IL-IN-WI",-16,46,26,20,0,0,0,0,0,0,234.0,255.0,217.0,264.0,215.0,225.0,191.0,195.0,70,66,4,36,-20,0
319,39093,Lorain County,OH,24,56,17460,"Cleveland-Elyria, OH",-32,14,17,-3,0,0,0,0,0,0,234.0,242.0,249.0,273.0,215.0,225.0,191.0,195.0,38,73,-35,29,3,0
320,36015,Chemung County,NY,24,34,21300,"Elmira, NY",-10,15,80,-65,0,0,0,0,0,0,234.0,261.0,248.0,217.0,215.0,225.0,191.0,195.0,39,114,-75,-55,65,0
321,50001,Addison County,VT,24,0,,non-metro,24,0,0,0,0,0,0,0,0,0,234.0,284.0,253.0,281.0,215.0,225.0,191.0,195.0,24,0,24,-24,0,0
322,17111,McHenry County,IL,23,66,16980,"Chicago-Naperville-Elgin, IL-IN-WI",-43,16,14,2,0,0,0,0,0,0,235.0,232.0,247.0,276.0,215.0,225.0,191.0,195.0,39,80,-41,45,-2,0
323,26077,Kalamazoo County,MI,23,0,28020,"Kalamazoo-Portage, MI",23,14,15,-1,0,0,0,0,0,0,235.0,284.0,249.0,275.0,215.0,225.0,191.0,195.0,37,15,22,-24,1,0
324,31109,Lancaster County,NE,23,0,30700,"Lincoln, NE",23,29,39,-10,0,0,0,0,0,0,235.0,284.0,234.0,251.0,215.0,225.0,191.0,195.0,52,39,13,-33,10,0
325,36113,Warren County,NY,23,70,24020,"Glens Falls, NY",-47,29,49,-20,0,0,0,0,0,0,235.0,229.0,234.0,242.0,215.0,225.0,191.0,195.0,52,119,-67,27,20,0
326,12085,Martin County,FL,23,95,38940,"Port St. Lucie, FL",-72,40,66,-26,0,35,-35,0,30,-30,235.0,214.0,223.0,230.0,215.0,217.0,191.0,192.0,63,226,-163,46,-9,5
327,37049,Craven County,NC,23,45,35100,"New Bern, NC",-22,21,34,-13,0,0,0,0,0,0,235.0,250.0,242.0,256.0,215.0,225.0,191.0,195.0,44,79,-35,9,13,0
328,18141,St. Joseph County,IN,22,28,43780,"South Bend-Mishawaka, IN-MI",-6,23,19,4,0,0,0,0,0,0,236.0,267.0,240.0,271.0,215.0,225.0,191.0,195.0,45,47,-2,10,-4,0
329,06055,Napa County,CA,22,29,34900,"Napa, CA",-7,26,47,-21,0,0,0,0,0,0,236.0,266.0,237.0,243.0,215.0,225.0,191.0,195.0,48,76,-28,-14,21,0
330,37025,Cabarrus County,NC,21,111,16740,"Charlotte-Concord-Gastonia, NC-SC",-90,0,123,-123,0,0,0,0,46,-46,237.0,205.0,253.0,194.0,215.0,225.0,191.0,180.0,21,280,-259,-33,123,-46
331,39041,Delaware County,OH,21,15,18140,"Columbus, OH",6,0,0,0,0,0,0,0,0,0,237.0,279.0,253.0,281.0,215.0,225.0,191.0,195.0,21,15,6,-6,0,0
332,12005,Bay County,FL,21,39,37460,"Panama City, FL",-18,18,35,-17,0,0,0,0,0,0,237.0,256.0,245.0,255.0,215.0,225.0,191.0,195.0,39,74,-35,1,17,0
333,51730,Petersburg city,VA,21,33,40060,"Richmond, VA",-12,0,0,0,0,0,0,0,0,0,237.0,262.0,253.0,281.0,215.0,225.0,191.0,195.0,21,33,-12,12,0,0
334,39151,Stark County,OH,21,0,15940,"Canton-Massillon, OH",21,38,17,21,0,0,0,0,0,0,237.0,284.0,225.0,273.0,215.0,225.0,191.0,195.0,59,17,42,0,-21,0
335,08097,Pitkin County,CO,21,21,24060,"Glenwood Springs, CO",0,16,19,-3,0,0,0,0,0,0,237.0,273.0,247.0,271.0,215.0,225.0,191.0,195.0,37,40,-3,-3,3,0
336,06095,Solano County,CA,20,48,46700,"Vallejo-Fairfield, CA",-28,69,64,5,0,0,0,0,0,0,238.0,248.0,197.0,231.0,215.0,225.0,191.0,195.0,89,112,-23,33,-5,0
337,13223,Paulding County,GA,20,41,12060,"Atlanta-Sandy Springs-Roswell, GA",-21,0,75,-75,0,0,0,0,0,0,238.0,254.0,253.0,221.0,215.0,225.0,191.0,195.0,20,116,-96,-54,75,0
338,02090,Fairbanks North Star Borough,AK,20,18,21820,"Fairbanks, AK",2,0,0,0,0,0,0,0,0,0,238.0,276.0,253.0,281.0,215.0,225.0,191.0,195.0,20,18,2,-2,0,0
339,23011,Kennebec County,ME,20,0,12300,"Augusta-Waterville, ME",20,0,0,0,0,0,0,0,0,0,238.0,284.0,253.0,281.0,215.0,225.0,191.0,195.0,20,0,20,-20,0,0
340,48041,Brazos County,TX,20,16,17780,"College Station-Bryan, TX",4,19,0,19,0,0,0,0,0,0,238.0,278.0,244.0,281.0,215.0,225.0,191.0,195.0,39,16,23,15,-19,0
341,16001,Ada County,ID,19,40,14260,"Boise City, ID",-21,51,17,34,0,0,0,0,0,0,239.0,255.0,212.0,273.0,215.0,225.0,191.0,195.0,70,57,13,55,-34,0
342,51177,Spotsylvania County,VA,19,36,47900,"Washington-Arlington-Alexandria, DC-VA-MD-WV",-17,0,0,0,0,0,0,0,0,0,239.0,259.0,253.0,281.0,215.0,225.0,191.0,195.0,19,36,-17,17,0,0
343,40027,Cleveland County,OK,19,29,36420,"Oklahoma City, OK",-10,26,27,-1,0,0,0,0,0,0,239.0,266.0,237.0,263.0,215.0,225.0,191.0,195.0,45,56,-11,9,1,0
344,49005,Cache County,UT,18,0,30860,"Logan, UT-ID",18,0,0,0,0,0,0,0,0,0,240.0,284.0,253.0,281.0,215.0,225.0,191.0,195.0,18,0,18,-18,0,0
345,24017,Charles County,MD,18,36,47900,"Washington-Arlington-Alexandria, DC-VA-MD-WV",-18,0,21,-21,0,0,0,0,0,0,240.0,259.0,253.0,269.0,215.0,225.0,191.0,195.0,18,57,-39,-3,21,0
346,42081,Lycoming County,PA,18,0,48700,"Williamsport, PA",18,0,24,-24,0,0,0,0,0,0,240.0,284.0,253.0,266.0,215.0,225.0,191.0,195.0,18,24,-6,-42,24,0
347,37179,Union County,NC,18,116,16740,"Charlotte-Concord-Gastonia, NC-SC",-98,0,109,-109,0,0,0,0,0,0,240.0,201.0,253.0,198.0,215.0,225.0,191.0,195.0,18,225,-207,-11,109,0
348,27003,Anoka County,MN,18,25,33460,"Minneapolis-St. Paul-Bloomington, MN-WI",-7,0,0,0,0,0,0,0,0,0,240.0,270.0,253.0,281.0,215.0,225.0,191.0,195.0,18,25,-7,7,0,0
349,22055,Lafayette Parish,LA,18,42,29180,"Lafayette, LA",-24,19,37,-18,0,29,-29,0,37,-37,240.0,253.0,244.0,253.0,215.0,223.0,191.0,187.0,37,145,-108,6,-11,-8
350,18089,Lake County,IN,18,0,16980,"Chicago-Naperville-Elgin, IL-IN-WI",18,0,21,-21,0,0,0,0,0,0,240.0,284.0,253.0,269.0,215.0,225.0,191.0,195.0,18,21,-3,-39,21,0
351,01081,Lee County,AL,18,0,12220,"Auburn-Opelika, AL",18,0,0,0,0,0,0,0,0,0,240.0,284.0,253.0,281.0,215.0,225.0,191.0,195.0,18,0,18,-18,0,0
352,28047,Harrison County,MS,17,0,25060,"Gulfport-Biloxi-Pascagoula, MS",17,16,0,16,0,0,0,0,0,0,241.0,284.0,247.0,281.0,215.0,225.0,191.0,195.0,33,0,33,-1,-16,0
353,50003,Bennington County,VT,17,22,13540,"Bennington, VT",-5,23,37,-14,0,0,0,0,0,0,241.0,272.0,240.0,253.0,215.0,225.0,191.0,195.0,40,59,-19,-9,14,0
354,15001,Hawaii County,HI,17,23,25900,"Hilo, HI",-6,0,0,0,0,0,0,0,0,0,241.0,271.0,253.0,281.0,215.0,225.0,191.0,195.0,17,23,-6,6,0,0
355,17113,McLean County,IL,17,0,14010,"Bloomington, IL",17,0,25,-25,0,0,0,0,0,0,241.0,284.0,253.0,265.0,215.0,225.0,191.0,195.0,17,25,-8,-42,25,0
356,45085,Sumter County,SC,17,19,44940,"Sumter, SC",-2,22,43,-21,0,0,0,0,0,0,241.0,275.0,241.0,247.0,215.0,225.0,191.0,195.0,39,62,-23,-19,21,0
357,24045,Wicomico County,MD,17,0,41540,"Salisbury, MD-DE",17,0,20,-20,0,0,0,0,0,0,241.0,284.0,253.0,270.0,215.0,225.0,191.0,195.0,17,20,-3,-37,20,0
358,13059,Clarke County,GA,16,36,12020,"Athens-Clarke County, GA",-20,56,33,23,0,0,0,0,0,0,242.0,259.0,210.0,257.0,215.0,225.0,191.0,195.0,72,69,3,43,-23,0
359,01125,Tuscaloosa County,AL,16,0,46220,"Tuscaloosa, AL",16,12,0,12,0,0,0,0,0,0,242.0,284.0,251.0,281.0,215.0,225.0,191.0,195.0,28,0,28,-4,-12,0
360,39099,Mahoning County,OH,16,73,49660,"Youngstown-Warren-Boardman, OH-PA",-57,14,86,-72,0,0,0,0,0,0,242.0,228.0,249.0,214.0,215.0,225.0,191.0,195.0,30,159,-129,-15,72,0
361,50023,Washington County,VT,16,36,12740,"Barre, VT",-20,31,16,15,0,0,0,0,0,0,242.0,259.0,232.0,274.0,215.0,225.0,191.0,195.0,47,52,-5,35,-15,0
362,39165,Warren County,OH,16,20,17140,"Cincinnati, OH-KY-IN",-4,25,27,-2,0,0,0,0,0,0,242.0,274.0,238.0,263.0,215.0,225.0,191.0,195.0,41,47,-6,2,2,0
364,30031,Gallatin County,MT,16,0,14580,"Bozeman, MT",16,18,13,5,0,0,0,0,0,0,242.0,284.0,245.0,277.0,215.0,225.0,191.0,195.0,34,13,21,-11,-5,0
365,42107,Schuylkill County,PA,16,87,39060,"Pottsville, PA",-71,20,58,-38,0,0,0,0,0,0,242.0,219.0,243.0,236.0,215.0,225.0,191.0,195.0,36,145,-109,33,38,0
366,51179,Stafford County,VA,16,21,47900,"Washington-Arlington-Alexandria, DC-VA-MD-WV",-5,48,30,18,0,39,-39,0,0,0,242.0,273.0,215.0,260.0,215.0,215.0,191.0,195.0,64,90,-26,23,-57,39
367,23031,York County,ME,15,61,38860,"Portland-South Portland, ME",-46,54,53,1,0,33,-33,0,24,-24,243.0,237.0,211.0,239.0,215.0,219.0,191.0,193.0,69,171,-102,47,-34,9
368,33005,Cheshire County,NH,15,18,28300,"Keene, NH",-3,12,0,12,0,0,0,0,0,0,243.0,276.0,251.0,281.0,215.0,225.0,191.0,195.0,27,18,9,15,-12,0
369,36013,Chautauqua County,NY,15,16,27460,"Jamestown-Dunkirk-Fredonia, NY",-1,0,13,-13,0,0,0,0,0,0,243.0,278.0,253.0,277.0,215.0,225.0,191.0,195.0,15,29,-14,-12,13,0
370,51199,York County,VA,15,0,47260,"Virginia Beach-Norfolk-Newport News, VA-NC",15,0,0,0,0,0,0,0,0,0,243.0,284.0,253.0,281.0,215.0,225.0,191.0,195.0,15,0,15,-15,0,0
371,05007,Benton County,AR,15,59,22220,"Fayetteville-Springdale-Rogers, AR-MO",-44,0,0,0,0,0,0,0,0,0,243.0,239.0,253.0,281.0,215.0,225.0,191.0,195.0,15,59,-44,44,0,0
372,15009,Maui County,HI,15,14,27980,"Kahului-Wailuku-Lahaina, HI",1,20,29,-9,0,0,0,0,0,0,243.0,280.0,243.0,261.0,215.0,225.0,191.0,195.0,35,43,-8,-10,9,0
373,44001,Bristol County,RI,15,29,39300,"Providence-Warwick, RI-MA",-14,13,14,-1,0,0,0,0,0,0,243.0,266.0,250.0,276.0,215.0,225.0,191.0,195.0,28,43,-15,13,1,0
374,20045,Douglas County,KS,15,13,29940,"Lawrence, KS",2,30,0,30,0,0,0,0,0,0,243.0,281.0,233.0,281.0,215.0,225.0,191.0,195.0,45,13,32,28,-30,0
375,48167,Galveston County,TX,15,39,26420,"Houston-The Woodlands-Sugar Land, TX",-24,32,46,-14,0,0,0,0,0,0,243.0,256.0,231.0,244.0,215.0,225.0,191.0,195.0,47,85,-38,10,14,0
376,39173,Wood County,OH,14,0,45780,"Toledo, OH",14,0,14,-14,0,0,0,0,0,0,244.0,284.0,253.0,276.0,215.0,225.0,191.0,195.0,14,14,0,-28,14,0
377,29183,St. Charles County,MO,14,0,41180,"St. Louis, MO-IL",14,0,16,-16,0,0,0,0,0,0,244.0,284.0,253.0,274.0,215.0,225.0,191.0,195.0,14,16,-2,-30,16,0
378,28049,Hinds County,MS,14,0,27140,"Jackson, MS",14,32,29,3,0,0,0,0,0,0,244.0,284.0,231.0,261.0,215.0,225.0,191.0,195.0,46,29,17,-11,-3,0
379,54039,Kanawha County,WV,14,0,16620,"Charleston, WV",14,22,49,-27,0,0,0,0,0,0,244.0,284.0,241.0,242.0,215.0,225.0,191.0,195.0,36,49,-13,-41,27,0
380,39133,Portage County,OH,14,0,10420,"Akron, OH",14,22,0,22,0,0,0,0,0,0,244.0,284.0,241.0,281.0,215.0,225.0,191.0,195.0,36,0,36,8,-22,0
381,06107,Tulare County,CA,14,0,47300,"Visalia-Porterville, CA",14,0,0,0,0,0,0,0,0,0,244.0,284.0,253.0,281.0,215.0,225.0,191.0,195.0,14,0,14,-14,0,0
382,27163,Washington County,MN,14,0,33460,"Minneapolis-St. Paul-Bloomington, MN-WI",14,0,0,0,0,0,0,0,0,0,244.0,284.0,253.0,281.0,215.0,225.0,191.0,195.0,14,0,14,-14,0,0
383,06113,Yolo County,CA,14,16,40900,"Sacramento--Roseville--Arden-Arcade, CA",-2,16,40,-24,0,0,0,0,0,0,244.0,278.0,247.0,250.0,215.0,225.0,191.0,195.0,30,56,-26,-22,24,0
384,36011,Cayuga County,NY,14,0,12180,"Auburn, NY",14,0,11,-11,0,0,0,0,0,0,244.0,284.0,253.0,279.0,215.0,225.0,191.0,195.0,14,11,3,-25,11,0
385,12019,Clay County,FL,13,101,27260,"Jacksonville, FL",-88,24,77,-53,0,0,0,0,0,0,245.0,211.0,239.0,220.0,215.0,225.0,191.0,195.0,37,178,-141,35,53,0
386,13057,Cherokee County,GA,13,0,12060,"Atlanta-Sandy Springs-Roswell, GA",13,0,22,-22,0,0,0,0,0,0,245.0,284.0,253.0,268.0,215.0,225.0,191.0,195.0,13,22,-9,-35,22,0
387,06099,Stanislaus County,CA,13,20,33700,"Modesto, CA",-7,23,18,5,0,0,0,0,0,0,245.0,274.0,240.0,272.0,215.0,225.0,191.0,195.0,36,38,-2,12,-5,0
388,48355,Nueces County,TX,13,11,18580,"Corpus Christi, TX",2,0,12,-12,0,0,0,0,0,0,245.0,283.0,253.0,278.0,215.0,225.0,191.0,195.0,13,23,-10,-14,12,0
389,36101,Steuben County,NY,13,19,18500,"Corning, NY",-6,0,0,0,0,0,0,0,0,0,245.0,275.0,253.0,281.0,215.0,225.0,191.0,195.0,13,19,-6,6,0,0
390,36051,Livingston County,NY,12,0,40380,"Rochester, NY",12,0,0,0,0,0,0,0,0,0,246.0,284.0,253.0,281.0,215.0,225.0,191.0,195.0,12,0,12,-12,0,0
391,08035,Douglas County,CO,12,30,19740,"Denver-Aurora-Lakewood, CO",-18,35,44,-9,0,32,-32,0,0,0,246.0,265.0,228.0,246.0,215.0,220.0,191.0,195.0,47,106,-59,9,-23,32
392,05143,Washington County,AR,12,18,22220,"Fayetteville-Springdale-Rogers, AR-MO",-6,0,16,-16,0,0,0,0,0,0,246.0,276.0,253.0,274.0,215.0,225.0,191.0,195.0,12,34,-22,-10,16,0
393,37071,Gaston County,NC,12,32,16740,"Charlotte-Concord-Gastonia, NC-SC",-20,0,29,-29,0,0,0,0,0,0,246.0,263.0,253.0,261.0,215.0,225.0,191.0,195.0,12,61,-49,-9,29,0
394,25019,Nantucket County,MA,12,17,,non-metro,-5,0,0,0,0,0,0,0,0,0,246.0,277.0,253.0,281.0,215.0,225.0,191.0,195.0,12,17,-5,5,0,0
395,48303,Lubbock County,TX,11,46,31180,"Lubbock, TX",-35,0,25,-25,0,0,0,0,0,0,247.0,249.0,253.0,265.0,215.0,225.0,191.0,195.0,11,71,-60,10,25,0
396,50025,Windham County,VT,11,45,,non-metro,-34,29,38,-9,0,0,0,0,0,0,247.0,250.0,234.0,252.0,215.0,225.0,191.0,195.0,40,83,-43,25,9,0
397,42125,Washington County,PA,11,0,38300,"Pittsburgh, PA",11,0,0,0,0,0,0,0,0,0,247.0,284.0,253.0,281.0,215.0,225.0,191.0,195.0,11,0,11,-11,0,0
398,53063,Spokane County,WA,10,12,44060,"Spokane-Spokane Valley, WA",-2,29,0,29,0,0,0,0,0,0,248.0,282.0,234.0,281.0,215.0,225.0,191.0,195.0,39,12,27,31,-29,0
399,39003,Allen County,OH,10,0,30620,"Lima, OH",10,0,0,0,0,0,0,0,0,0,248.0,284.0,253.0,281.0,215.0,225.0,191.0,195.0,10,0,10,-10,0,0
400,42129,Westmoreland County,PA,10,0,38300,"Pittsburgh, PA",10,37,30,7,0,0,0,0,0,0,248.0,284.0,226.0,260.0,215.0,225.0,191.0,195.0,47,30,17,-3,-7,0
401,13113,Fayette County,GA,10,40,12060,"Atlanta-Sandy Springs-Roswell, GA",-30,17,32,-15,0,0,0,0,0,0,248.0,255.0,246.0,258.0,215.0,225.0,191.0,195.0,27,72,-45,15,15,0
402,37101,Johnston County,NC,0,67,39580,"Raleigh, NC",-67,0,51,-51,0,0,0,0,0,0,249.0,231.0,253.0,240.0,215.0,225.0,191.0,195.0,0,118,-118,16,51,0
403,27109,Olmsted County,MN,0,56,40340,"Rochester, MN",-56,43,50,-7,0,0,0,0,0,0,249.0,242.0,220.0,241.0,215.0,225.0,191.0,195.0,43,106,-63,49,7,0
404,13117,Forsyth County,GA,0,56,12060,"Atlanta-Sandy Springs-Roswell, GA",-56,16,34,-18,0,0,0,0,0,0,249.0,242.0,247.0,256.0,215.0,225.0,191.0,195.0,16,90,-74,38,18,0
405,08001,Adams County,CO,0,53,19740,"Denver-Aurora-Lakewood, CO",-53,16,21,-5,0,0,0,0,0,0,249.0,245.0,247.0,269.0,215.0,225.0,191.0,195.0,16,74,-58,48,5,0
406,45035,Dorchester County,SC,0,51,16700,"Charleston-North Charleston, SC",-51,20,54,-34,0,0,0,0,0,0,249.0,246.0,243.0,238.0,215.0,225.0,191.0,195.0,20,105,-85,17,34,0
407,12119,Sumter County,FL,0,48,45540,"The Villages, FL",-48,0,79,-79,0,0,0,0,34,-34,249.0,248.0,253.0,218.0,215.0,225.0,191.0,189.0,0,161,-161,-31,79,-34
408,45091,York County,SC,0,48,16740,"Charlotte-Concord-Gastonia, NC-SC",-48,15,101,-86,0,45,-45,0,0,0,249.0,248.0,248.0,203.0,215.0,209.0,191.0,195.0,15,194,-179,-38,41,45
409,46103,Pennington County,SD,0,45,39660,"Rapid City, SD",-45,0,0,0,0,0,0,0,0,0,249.0,250.0,253.0,281.0,215.0,225.0,191.0,195.0,0,45,-45,45,0,0
410,04021,Pinal County,AZ,0,44,38060,"Phoenix-Mesa-Scottsdale, AZ",-44,13,42,-29,0,0,0,0,0,0,249.0,251.0,250.0,248.0,215.0,225.0,191.0,195.0,13,86,-73,15,29,0
411,04025,Yavapai County,AZ,0,40,39140,"Prescott, AZ",-40,0,0,0,0,0,0,0,0,0,249.0,255.0,253.0,281.0,215.0,225.0,191.0,195.0,0,40,-40,40,0,0
412,12017,Citrus County,FL,0,39,26140,"Homosassa Springs, FL",-39,21,19,2,0,0,0,0,0,0,249.0,256.0,242.0,271.0,215.0,225.0,191.0,195.0,21,58,-37,41,-2,0
413,13179,Liberty County,GA,0,32,25980,"Hinesville, GA",-32,48,74,-26,0,0,0,0,0,0,249.0,263.0,215.0,222.0,215.0,225.0,191.0,195.0,48,106,-58,6,26,0
414,37085,Harnett County,NC,0,29,20380,"Dunn, NC",-29,0,31,-31,0,0,0,0,0,0,249.0,266.0,253.0,259.0,215.0,225.0,191.0,195.0,0,60,-60,-2,31,0
415,37097,Iredell County,NC,0,28,16740,"Charlotte-Concord-Gastonia, NC-SC",-28,0,44,-44,0,0,0,0,0,0,249.0,267.0,253.0,246.0,215.0,225.0,191.0,195.0,0,72,-72,-16,44,0
416,12055,Highlands County,FL,0,27,42700,"Sebring, FL",-27,0,0,0,0,0,0,0,0,0,249.0,268.0,253.0,281.0,215.0,225.0,191.0,195.0,0,27,-27,27,0,0
417,20061,Geary County,KS,0,27,27920,"Junction City, KS",-27,17,0,17,0,0,0,0,0,0,249.0,268.0,246.0,281.0,215.0,225.0,191.0,195.0,17,27,-10,44,-17,0
418,51740,Portsmouth city,VA,0,26,47260,"Virginia Beach-Norfolk-Newport News, VA-NC",-26,0,46,-46,0,0,0,0,0,0,249.0,269.0,253.0,244.0,215.0,225.0,191.0,195.0,0,72,-72,-20,46,0
419,48039,Brazoria County,TX,0,25,26420,"Houston-The Woodlands-Sugar Land, TX",-25,0,20,-20,0,0,0,0,0,0,249.0,270.0,253.0,270.0,215.0,225.0,191.0,195.0,0,45,-45,5,20,0
420,37195,Wilson County,NC,0,25,48980,"Wilson, NC",-25,0,27,-27,0,0,0,0,0,0,249.0,270.0,253.0,263.0,215.0,225.0,191.0,195.0,0,52,-52,-2,27,0
421,45069,Marlboro County,SC,0,23,13500,"Bennettsville, SC",-23,0,0,0,0,0,0,0,0,0,249.0,271.0,253.0,281.0,215.0,225.0,191.0,195.0,0,23,-23,23,0,0
422,36017,Chenango County,NY,0,23,,non-metro,-23,0,18,-18,0,0,0,0,0,0,249.0,271.0,253.0,272.0,215.0,225.0,191.0,195.0,0,41,-41,5,18,0
423,13073,Columbia County,GA,0,22,12260,"Augusta-Richmond County, GA-SC",-22,0,0,0,0,0,0,0,0,0,249.0,272.0,253.0,281.0,215.0,225.0,191.0,195.0,0,22,-22,22,0,0
424,49043,Summit County,UT,0,22,44920,"Summit Park, UT",-22,0,34,-34,0,0,0,0,0,0,249.0,272.0,253.0,256.0,215.0,225.0,191.0,195.0,0,56,-56,-12,34,0
425,37125,Moore County,NC,0,21,38240,"Pinehurst-Southern Pines, NC",-21,0,16,-16,0,0,0,0,0,0,249.0,273.0,253.0,274.0,215.0,225.0,191.0,195.0,0,37,-37,5,16,0
426,36095,Schoharie County,NY,0,21,10580,"Albany-Schenectady-Troy, NY",-21,0,0,0,0,0,0,0,0,0,249.0,273.0,253.0,281.0,215.0,225.0,191.0,195.0,0,21,-21,21,0,0
427,51770,Roanoke city,VA,0,20,40220,"Roanoke, VA",-20,0,0,0,0,0,0,0,0,0,249.0,274.0,253.0,281.0,215.0,225.0,191.0,195.0,0,20,-20,20,0,0
428,36035,Fulton County,NY,0,19,24100,"Gloversville, NY",-19,0,31,-31,0,0,0,0,0,0,249.0,275.0,253.0,259.0,215.0,225.0,191.0,195.0,0,50,-50,-12,31,0
429,38017,Cass County,ND,0,19,22020,"Fargo, ND-MN",-19,0,0,0,0,0,0,0,0,0,249.0,275.0,253.0,281.0,215.0,225.0,191.0,195.0,0,19,-19,19,0,0
430,13127,Glynn County,GA,0,19,15260,"Brunswick, GA",-19,0,0,0,0,0,0,0,0,0,249.0,275.0,253.0,281.0,215.0,225.0,191.0,195.0,0,19,-19,19,0,0
431,01117,Shelby County,AL,0,18,13820,"Birmingham-Hoover, AL",-18,12,19,-7,0,0,0,0,0,0,249.0,276.0,251.0,271.0,215.0,225.0,191.0,195.0,12,37,-25,11,7,0
432,39057,Greene County,OH,0,18,19380,"Dayton, OH",-18,0,0,0,0,0,0,0,0,0,249.0,276.0,253.0,281.0,215.0,225.0,191.0,195.0,0,18,-18,18,0,0
433,37191,Wayne County,NC,0,17,24140,"Goldsboro, NC",-17,0,32,-32,0,0,0,0,0,0,249.0,277.0,253.0,258.0,215.0,225.0,191.0,195.0,0,49,-49,-15,32,0
434,37037,Chatham County,NC,0,16,20500,"Durham-Chapel Hill, NC",-16,0,0,0,0,0,0,0,0,0,249.0,278.0,253.0,281.0,215.0,225.0,191.0,195.0,0,16,-16,16,0,0
435,23019,Penobscot County,ME,0,15,12620,"Bangor, ME",-15,26,0,26,0,0,0,0,0,0,249.0,279.0,237.0,281.0,215.0,225.0,191.0,195.0,26,15,11,41,-26,0
436,37093,Hoke County,NC,0,15,22180,"Fayetteville, NC",-15,0,0,0,0,0,0,0,0,0,249.0,279.0,253.0,281.0,215.0,225.0,191.0,195.0,0,15,-15,15,0,0
437,39155,Trumbull County,OH,0,14,49660,"Youngstown-Warren-Boardman, OH-PA",-14,0,0,0,0,0,0,0,0,0,249.0,280.0,253.0,281.0,215.0,225.0,191.0,195.0,0,14,-14,14,0,0
438,51095,James City County,VA,0,14,47260,"Virginia Beach-Norfolk-Newport News, VA-NC",-14,17,0,17,0,0,0,0,0,0,249.0,280.0,246.0,281.0,215.0,225.0,191.0,195.0,17,14,3,31,-17,0
439,23009,Hancock County,ME,0,14,,non-metro,-14,14,0,14,0,0,0,0,0,0,249.0,280.0,249.0,281.0,215.0,225.0,191.0,195.0,14,14,0,28,-14,0
440,36115,Washington County,NY,0,14,24020,"Glens Falls, NY",-14,0,0,0,0,0,0,0,0,0,249.0,280.0,253.0,281.0,215.0,225.0,191.0,195.0,0,14,-14,14,0,0
442,26139,Ottawa County,MI,0,13,24340,"Grand Rapids-Wyoming, MI",-13,0,0,0,0,0,0,0,0,0,249.0,281.0,253.0,281.0,215.0,225.0,191.0,195.0,0,13,-13,13,0,0
443,22103,St. Tammany Parish,LA,0,13,35380,"New Orleans-Metairie, LA",-13,13,18,-5,0,0,0,0,0,0,249.0,281.0,250.0,272.0,215.0,225.0,191.0,195.0,13,31,-18,8,5,0
444,17037,DeKalb County,IL,0,13,16980,"Chicago-Naperville-Elgin, IL-IN-WI",-13,0,0,0,0,0,0,0,0,0,249.0,281.0,253.0,281.0,215.0,225.0,191.0,195.0,0,13,-13,13,0,0
445,53073,Whatcom County,WA,0,12,13380,"Bellingham, WA",-12,0,23,-23,0,0,0,0,0,0,249.0,282.0,253.0,267.0,215.0,225.0,191.0,195.0,0,35,-35,-11,23,0
446,49011,Davis County,UT,0,0,36260,"Ogden-Clearfield, UT",0,27,26,1,0,0,0,0,0,0,249.0,284.0,236.0,264.0,215.0,225.0,191.0,195.0,27,26,1,1,-1,0
447,42019,Butler County,PA,0,0,38300,"Pittsburgh, PA",0,21,20,1,0,0,0,0,0,0,249.0,284.0,242.0,270.0,215.0,225.0,191.0,195.0,21,20,1,1,-1,0
448,47149,Rutherford County,TN,0,0,34980,"Nashville-Davidson--Murfreesboro--Franklin, TN",0,20,12,8,0,0,0,0,0,0,249.0,284.0,243.0,278.0,215.0,225.0,191.0,195.0,20,12,8,8,-8,0
449,36031,Essex County,NY,0,0,,non-metro,0,19,0,19,0,0,0,0,0,0,249.0,284.0,244.0,281.0,215.0,225.0,191.0,195.0,19,0,19,19,-19,0
450,51680,Lynchburg city,VA,0,0,31340,"Lynchburg, VA",0,18,0,18,0,0,0,0,0,0,249.0,284.0,245.0,281.0,215.0,225.0,191.0,195.0,18,0,18,18,-18,0
451,49053,Washington County,UT,0,0,41100,"St. George, UT",0,17,0,17,0,0,0,0,0,0,249.0,284.0,246.0,281.0,215.0,225.0,191.0,195.0,17,0,17,17,-17,0
452,24013,Carroll County,MD,0,0,12580,"Baltimore-Columbia-Towson, MD",0,16,0,16,0,0,0,0,0,0,249.0,284.0,247.0,281.0,215.0,225.0,191.0,195.0,16,0,16,16,-16,0
453,26049,Genesee County,MI,0,0,22420,"Flint, MI",0,15,50,-35,0,0,0,0,0,0,249.0,284.0,248.0,241.0,215.0,225.0,191.0,195.0,15,50,-35,-35,35,0
454,56021,Laramie County,WY,0,0,16940,"Cheyenne, WY",0,15,0,15,0,0,0,0,0,0,249.0,284.0,248.0,281.0,215.0,225.0,191.0,195.0,15,0,15,15,-15,0
455,30063,Missoula County,MT,0,0,33540,"Missoula, MT",0,15,0,15,0,0,0,0,0,0,249.0,284.0,248.0,281.0,215.0,225.0,191.0,195.0,15,0,15,15,-15,0
456,31079,Hall County,NE,0,0,24260,"Grand Island, NE",0,13,0,13,0,0,0,0,0,0,249.0,284.0,250.0,281.0,215.0,225.0,191.0,195.0,13,0,13,13,-13,0
457,39009,Athens County,OH,0,0,11900,"Athens, OH",0,13,0,13,0,0,0,0,0,0,249.0,284.0,250.0,281.0,215.0,225.0,191.0,195.0,13,0,13,13,-13,0
458,54061,Monongalia County,WV,0,0,34060,"Morgantown, WV",0,13,0,13,0,0,0,0,0,0,249.0,284.0,250.0,281.0,215.0,225.0,191.0,195.0,13,0,13,13,-13,0
459,36053,Madison County,NY,0,0,45060,"Syracuse, NY",0,13,12,1,0,0,0,0,0,0,249.0,284.0,250.0,278.0,215.0,225.0,191.0,195.0,13,12,1,1,-1,0
460,28121,Rankin County,MS,0,0,27140,"Jackson, MS",0,12,0,12,0,0,0,0,0,0,249.0,284.0,251.0,281.0,215.0,225.0,191.0,195.0,12,0,12,12,-12,0
461,33003,Carroll County,NH,0,0,,non-metro,0,12,0,12,0,0,0,0,0,0,249.0,284.0,251.0,281.0,215.0,225.0,191.0,195.0,12,0,12,12,-12,0
462,21117,Kenton County,KY,0,0,17140,"Cincinnati, OH-KY-IN",0,0,41,-41,0,0,0,0,0,0,249.0,284.0,253.0,249.0,215.0,225.0,191.0,195.0,0,41,-41,-41,41,0
463,24015,Cecil County,MD,0,0,37980,"Philadelphia-Camden-Wilmington, PA-NJ-DE-MD",0,0,36,-36,0,0,0,0,0,0,249.0,284.0,253.0,254.0,215.0,225.0,191.0,195.0,0,36,-36,-36,36,0
464,37019,Brunswick County,NC,0,0,34820,"Myrtle Beach-Conway-North Myrtle Beach, SC-NC",0,0,36,-36,0,0,0,0,0,0,249.0,284.0,253.0,254.0,215.0,225.0,191.0,195.0,0,36,-36,-36,36,0
465,41029,Jackson County,OR,0,0,32780,"Medford, OR",0,0,35,-35,0,0,0,0,0,0,249.0,284.0,253.0,255.0,215.0,225.0,191.0,195.0,0,35,-35,-35,35,0
466,37001,Alamance County,NC,0,0,15500,"Burlington, NC",0,0,34,-34,0,0,0,0,0,0,249.0,284.0,253.0,256.0,215.0,225.0,191.0,195.0,0,34,-34,-34,34,0
467,21227,Warren County,KY,0,0,14540,"Bowling Green, KY",0,0,28,-28,0,0,0,0,0,0,249.0,284.0,253.0,262.0,215.0,225.0,191.0,195.0,0,28,-28,-28,28,0
468,13153,Houston County,GA,0,0,47580,"Warner Robins, GA",0,0,25,-25,0,0,0,0,0,0,249.0,284.0,253.0,265.0,215.0,225.0,191.0,195.0,0,25,-25,-25,25,0
469,37159,Rowan County,NC,0,0,16740,"Charlotte-Concord-Gastonia, NC-SC",0,0,24,-24,0,0,0,0,0,0,249.0,284.0,253.0,266.0,215.0,225.0,191.0,195.0,0,24,-24,-24,24,0
470,45043,Georgetown County,SC,0,0,23860,"Georgetown, SC",0,0,21,-21,0,0,0,0,0,0,249.0,284.0,253.0,269.0,215.0,225.0,191.0,195.0,0,21,-21,-21,21,0
471,51800,Suffolk city,VA,0,0,47260,"Virginia Beach-Norfolk-Newport News, VA-NC",0,0,20,-20,0,0,0,0,0,0,249.0,284.0,253.0,270.0,215.0,225.0,191.0,195.0,0,20,-20,-20,20,0
472,25007,Dukes County,MA,0,0,47240,"Vineyard Haven, MA",0,0,19,-19,0,0,0,0,0,0,249.0,284.0,253.0,271.0,215.0,225.0,191.0,195.0,0,19,-19,-19,19,0
473,42007,Beaver County,PA,0,0,38300,"Pittsburgh, PA",0,0,19,-19,0,0,0,0,0,0,249.0,284.0,253.0,271.0,215.0,225.0,191.0,195.0,0,19,-19,-19,19,0
474,22115,Vernon Parish,LA,0,0,22860,"Fort Polk South, LA",0,0,19,-19,0,0,0,0,0,0,249.0,284.0,253.0,271.0,215.0,225.0,191.0,195.0,0,19,-19,-19,19,0
475,20161,Riley County,KS,0,0,31740,"Manhattan, KS",0,0,17,-17,0,0,0,0,0,0,249.0,284.0,253.0,273.0,215.0,225.0,191.0,195.0,0,17,-17,-17,17,0
476,48309,McLennan County,TX,0,0,47380,"Waco, TX",0,0,15,-15,0,0,0,0,0,0,249.0,284.0,253.0,275.0,215.0,225.0,191.0,195.0,0,15,-15,-15,15,0
477,23013,Knox County,ME,0,0,,non-metro,0,0,14,-14,0,0,0,0,0,0,249.0,284.0,253.0,276.0,215.0,225.0,191.0,195.0,0,14,-14,-14,14,0
478,17143,Peoria County,IL,0,0,37900,"Peoria, IL",0,0,12,-12,0,0,0,0,0,0,249.0,284.0,253.0,278.0,215.0,225.0,191.0,195.0,0,12,-12,-12,12,0
479,54011,Cabell County,WV,0,0,26580,"Huntington-Ashland, WV-KY-OH",0,0,10,-10,0,0,0,0,0,0,249.0,284.0,253.0,280.0,215.0,225.0,191.0,195.0,0,10,-10,-10,10,0
